100, 100, 30, 30, 0.9, 238
(1, 1, 30, 1159)
(1, 2, 30, 1159)
(1, 3, 30, 1159)
(1, 4, 30, 1159)
(1, 5, 30, 1159)
(1, 6, 30, 1159)
(1, 7, 30, 1159)
(1, 8, 30, 1159)
(1, 9, 30, 1159)
(1, 10, 30, 1159)
(1, 11, 30, 1159)
(1, 12, 30, 1159)
(1, 13, 30, 1159)
(1, 14, 30, 1159)
(1, 15, 30, 1159)
(1, 16, 30, 1159)
(1, 17, 30, 1159)
(1, 18, 30, 1159)
(1, 19, 30, 1159)
(1, 20, 30, 1159)
(1, 21, 30, 1159)
(1, 22, 30, 1159)
(1, 23, 30, 1159)
(1, 24, 30, 1159)
(1, 25, 30, 1159)
(1, 26, 30, 1159)
(1, 27, 30, 1159)
(1, 28, 30, 1159)
(1, 29, 30, 1159)
(1, 30, 30, 1159)
(2, 1, 27.0, 1159)
(2, 2, 27.0, 1143)
(2, 3, 27.0, 1143)
(2, 4, 27.0, 1143)
(2, 5, 27.0, 1143)
(2, 6, 27.0, 1143)
(2, 7, 27.0, 1143)
(2, 8, 27.0, 1143)
(2, 9, 27.0, 1143)
(2, 10, 27.0, 1165)
(2, 11, 27.0, 1165)
(2, 12, 27.0, 1165)
(2, 13, 27.0, 1165)
(2, 14, 27.0, 1165)
(2, 15, 27.0, 1165)
(2, 16, 27.0, 1165)
(2, 17, 27.0, 1165)
(2, 18, 27.0, 1165)
(2, 19, 27.0, 1165)
(2, 20, 27.0, 1160)
(2, 21, 27.0, 1160)
(2, 22, 27.0, 1160)
(2, 23, 27.0, 1155)
(2, 24, 27.0, 1155)
(2, 25, 27.0, 1155)
(2, 26, 27.0, 1155)
(2, 27, 27.0, 1155)
(2, 28, 27.0, 1155)
(2, 29, 27.0, 1021)
(2, 30, 27.0, 1021)
(3, 1, 24.3, 1021)
(3, 2, 24.3, 1021)
(3, 3, 24.3, 1021)
(3, 4, 24.3, 1021)
(3, 5, 24.3, 1021)
(3, 6, 24.3, 1021)
(3, 7, 24.3, 967)
(3, 8, 24.3, 967)
(3, 9, 24.3, 967)
(3, 10, 24.3, 967)
(3, 11, 24.3, 967)
(3, 12, 24.3, 967)
(3, 13, 24.3, 967)
(3, 14, 24.3, 967)
(3, 15, 24.3, 967)
(3, 16, 24.3, 967)
(3, 17, 24.3, 967)
(3, 18, 24.3, 967)
(3, 20, 24.3, 967)
(3, 21, 24.3, 967)
(3, 22, 24.3, 967)
(3, 23, 24.3, 967)
(3, 24, 24.3, 967)
(3, 25, 24.3, 967)
(3, 26, 24.3, 967)
(3, 27, 24.3, 967)
(3, 28, 24.3, 967)
(3, 29, 24.3, 967)
(3, 30, 24.3, 967)
(3, 31, 24.3, 967)
(4, 1, 21.87, 967)
(4, 2, 21.87, 967)
(4, 3, 21.87, 794)
(4, 4, 21.87, 799)
(4, 5, 21.87, 799)
(4, 6, 21.87, 799)
(4, 7, 21.87, 799)
(4, 8, 21.87, 799)
(4, 9, 21.87, 799)
(4, 11, 21.87, 799)
(4, 12, 21.87, 803)
(4, 13, 21.87, 803)
(4, 14, 21.87, 798)
(4, 15, 21.87, 798)
(4, 16, 21.87, 798)
(4, 17, 21.87, 798)
(4, 18, 21.87, 798)
(4, 19, 21.87, 798)
(4, 20, 21.87, 798)
(4, 21, 21.87, 798)
(4, 22, 21.87, 798)
(4, 23, 21.87, 566)
(4, 24, 21.87, 566)
(4, 25, 21.87, 566)
(4, 26, 21.87, 566)
(4, 28, 21.87, 566)
(4, 29, 21.87, 566)
(4, 30, 21.87, 566)
(4, 31, 21.87, 566)
(4, 32, 21.87, 566)
(5, 1, 19.683, 566)
(5, 2, 19.683, 566)
(5, 3, 19.683, 566)
(5, 4, 19.683, 566)
(5, 5, 19.683, 566)
(5, 6, 19.683, 566)
(5, 7, 19.683, 559)
(5, 8, 19.683, 559)
(5, 9, 19.683, 559)
(5, 11, 19.683, 559)
(5, 12, 19.683, 559)
(5, 13, 19.683, 559)
(5, 14, 19.683, 559)
(5, 15, 19.683, 551)
(5, 16, 19.683, 551)
(5, 17, 19.683, 551)
(5, 18, 19.683, 551)
(5, 19, 19.683, 551)
(5, 20, 19.683, 551)
(5, 22, 19.683, 551)
(5, 23, 19.683, 551)
(5, 24, 19.683, 551)
(5, 25, 19.683, 551)
(5, 27, 19.683, 551)
(5, 29, 19.683, 551)
(5, 30, 19.683, 551)
(5, 31, 19.683, 551)
(5, 32, 19.683, 551)
(5, 33, 19.683, 551)
(5, 34, 19.683, 551)
(6, 1, 17.7147, 551)
(6, 2, 17.7147, 551)
(6, 3, 17.7147, 551)
(6, 4, 17.7147, 551)
(6, 5, 17.7147, 551)
(6, 6, 17.7147, 543)
(6, 7, 17.7147, 543)
(6, 8, 17.7147, 489)
(6, 9, 17.7147, 489)
(6, 11, 17.7147, 489)
(6, 12, 17.7147, 489)
(6, 13, 17.7147, 489)
(6, 14, 17.7147, 489)
(6, 15, 17.7147, 489)
(6, 16, 17.7147, 489)
(6, 17, 17.7147, 489)
(6, 18, 17.7147, 489)
(6, 19, 17.7147, 489)
(6, 20, 17.7147, 489)
(6, 21, 17.7147, 489)
(6, 22, 17.7147, 489)
(6, 23, 17.7147, 489)
(6, 24, 17.7147, 489)
(6, 25, 17.7147, 489)
(6, 26, 17.7147, 489)
(6, 27, 17.7147, 489)
(6, 28, 17.7147, 489)
(6, 29, 17.7147, 489)
(6, 30, 17.7147, 489)
(6, 31, 17.7147, 489)
(7, 1, 15.943230000000002, 489)
(7, 2, 15.943230000000002, 489)
(7, 3, 15.943230000000002, 489)
(7, 4, 15.943230000000002, 489)
(7, 5, 15.943230000000002, 489)
(7, 6, 15.943230000000002, 489)
(7, 7, 15.943230000000002, 489)
(7, 8, 15.943230000000002, 489)
(7, 9, 15.943230000000002, 489)
(7, 10, 15.943230000000002, 489)
(7, 11, 15.943230000000002, 489)
(7, 12, 15.943230000000002, 489)
(7, 13, 15.943230000000002, 489)
(7, 14, 15.943230000000002, 489)
(7, 15, 15.943230000000002, 489)
(7, 16, 15.943230000000002, 489)
(7, 17, 15.943230000000002, 489)
(7, 18, 15.943230000000002, 489)
(7, 19, 15.943230000000002, 489)
(7, 20, 15.943230000000002, 489)
(7, 21, 15.943230000000002, 489)
(7, 22, 15.943230000000002, 489)
(7, 23, 15.943230000000002, 489)
(7, 24, 15.943230000000002, 328)
(7, 25, 15.943230000000002, 328)
(7, 26, 15.943230000000002, 328)
(7, 27, 15.943230000000002, 328)
(7, 28, 15.943230000000002, 328)
(7, 29, 15.943230000000002, 328)
(7, 30, 15.943230000000002, 328)
(8, 1, 14.348907000000002, 328)
(8, 2, 14.348907000000002, 328)
(8, 3, 14.348907000000002, 328)
(8, 4, 14.348907000000002, 328)
(8, 5, 14.348907000000002, 328)
(8, 6, 14.348907000000002, 328)
(8, 8, 14.348907000000002, 328)
(8, 9, 14.348907000000002, 328)
(8, 10, 14.348907000000002, 328)
(8, 11, 14.348907000000002, 328)
(8, 12, 14.348907000000002, 328)
(8, 13, 14.348907000000002, 328)
(8, 14, 14.348907000000002, 328)
(8, 15, 14.348907000000002, 328)
(8, 17, 14.348907000000002, 328)
(8, 18, 14.348907000000002, 328)
(8, 19, 14.348907000000002, 328)
(8, 20, 14.348907000000002, 328)
(8, 22, 14.348907000000002, 328)
(8, 23, 14.348907000000002, 328)
(8, 24, 14.348907000000002, 328)
(8, 27, 14.348907000000002, 328)
(8, 28, 14.348907000000002, 328)
(8, 29, 14.348907000000002, 328)
(8, 31, 14.348907000000002, 328)
(8, 32, 14.348907000000002, 328)
(8, 33, 14.348907000000002, 328)
(8, 34, 14.348907000000002, 328)
(8, 35, 14.348907000000002, 328)
(8, 36, 14.348907000000002, 328)
(9, 1, 12.914016300000002, 328)
(9, 3, 12.914016300000002, 328)
(9, 4, 12.914016300000002, 328)
(9, 5, 12.914016300000002, 328)
(9, 7, 12.914016300000002, 328)
(9, 10, 12.914016300000002, 328)
(9, 11, 12.914016300000002, 328)
(9, 12, 12.914016300000002, 328)
(9, 13, 12.914016300000002, 328)
(9, 14, 12.914016300000002, 328)
(9, 15, 12.914016300000002, 328)
(9, 16, 12.914016300000002, 328)
(9, 17, 12.914016300000002, 328)
(9, 18, 12.914016300000002, 328)
(9, 19, 12.914016300000002, 328)
(9, 20, 12.914016300000002, 328)
(9, 21, 12.914016300000002, 328)
(9, 22, 12.914016300000002, 328)
(9, 23, 12.914016300000002, 328)
(9, 24, 12.914016300000002, 328)
(9, 25, 12.914016300000002, 328)
(9, 27, 12.914016300000002, 328)
(9, 28, 12.914016300000002, 328)
(9, 29, 12.914016300000002, 328)
(9, 30, 12.914016300000002, 328)
(9, 31, 12.914016300000002, 328)
(9, 32, 12.914016300000002, 328)
(9, 35, 12.914016300000002, 328)
(9, 36, 12.914016300000002, 328)
(9, 37, 12.914016300000002, 328)
(10, 2, 11.622614670000003, 328)
(10, 3, 11.622614670000003, 328)
(10, 4, 11.622614670000003, 328)
(10, 5, 11.622614670000003, 328)
(10, 6, 11.622614670000003, 333)
(10, 8, 11.622614670000003, 333)
(10, 9, 11.622614670000003, 333)
(10, 11, 11.622614670000003, 333)
(10, 12, 11.622614670000003, 333)
(10, 13, 11.622614670000003, 333)
(10, 15, 11.622614670000003, 333)
(10, 16, 11.622614670000003, 333)
(10, 17, 11.622614670000003, 333)
(10, 19, 11.622614670000003, 333)
(10, 20, 11.622614670000003, 333)
(10, 21, 11.622614670000003, 333)
(10, 22, 11.622614670000003, 333)
(10, 23, 11.622614670000003, 333)
(10, 24, 11.622614670000003, 333)
(10, 25, 11.622614670000003, 333)
(10, 26, 11.622614670000003, 333)
(10, 27, 11.622614670000003, 332)
(10, 28, 11.622614670000003, 332)
(10, 29, 11.622614670000003, 335)
(10, 30, 11.622614670000003, 335)
(10, 31, 11.622614670000003, 335)
(10, 32, 11.622614670000003, 335)
(10, 34, 11.622614670000003, 335)
(10, 36, 11.622614670000003, 335)
(10, 37, 11.622614670000003, 335)
(11, 1, 10.460353203000002, 335)
(11, 2, 10.460353203000002, 335)
(11, 3, 10.460353203000002, 335)
(11, 4, 10.460353203000002, 339)
(11, 5, 10.460353203000002, 339)
(11, 6, 10.460353203000002, 339)
(11, 7, 10.460353203000002, 339)
(11, 8, 10.460353203000002, 339)
(11, 9, 10.460353203000002, 339)
(11, 11, 10.460353203000002, 339)
(11, 13, 10.460353203000002, 339)
(11, 14, 10.460353203000002, 339)
(11, 15, 10.460353203000002, 339)
(11, 16, 10.460353203000002, 339)
(11, 17, 10.460353203000002, 339)
(11, 19, 10.460353203000002, 339)
(11, 20, 10.460353203000002, 339)
(11, 21, 10.460353203000002, 339)
(11, 22, 10.460353203000002, 339)
(11, 23, 10.460353203000002, 339)
(11, 24, 10.460353203000002, 339)
(11, 25, 10.460353203000002, 339)
(11, 26, 10.460353203000002, 339)
(11, 27, 10.460353203000002, 339)
(11, 28, 10.460353203000002, 339)
(11, 29, 10.460353203000002, 339)
(11, 30, 10.460353203000002, 339)
(11, 31, 10.460353203000002, 339)
(11, 32, 10.460353203000002, 339)
(11, 33, 10.460353203000002, 339)
(12, 1, 9.414317882700002, 339)
(12, 2, 9.414317882700002, 339)
(12, 3, 9.414317882700002, 339)
(12, 4, 9.414317882700002, 339)
(12, 5, 9.414317882700002, 339)
(12, 6, 9.414317882700002, 339)
(12, 7, 9.414317882700002, 339)
(12, 8, 9.414317882700002, 339)
(12, 9, 9.414317882700002, 339)
(12, 10, 9.414317882700002, 339)
(12, 11, 9.414317882700002, 339)
(12, 12, 9.414317882700002, 339)
(12, 13, 9.414317882700002, 339)
(12, 14, 9.414317882700002, 339)
(12, 15, 9.414317882700002, 339)
(12, 16, 9.414317882700002, 339)
(12, 17, 9.414317882700002, 339)
(12, 18, 9.414317882700002, 339)
(12, 19, 9.414317882700002, 339)
(12, 20, 9.414317882700002, 339)
(12, 21, 9.414317882700002, 339)
(12, 22, 9.414317882700002, 339)
(12, 23, 9.414317882700002, 337)
(12, 24, 9.414317882700002, 337)
(12, 25, 9.414317882700002, 337)
(12, 26, 9.414317882700002, 337)
(12, 27, 9.414317882700002, 337)
(12, 28, 9.414317882700002, 337)
(12, 29, 9.414317882700002, 337)
(12, 30, 9.414317882700002, 337)
(13, 1, 8.472886094430002, 337)
(13, 2, 8.472886094430002, 337)
(13, 3, 8.472886094430002, 337)
(13, 6, 8.472886094430002, 337)
(13, 7, 8.472886094430002, 337)
(13, 8, 8.472886094430002, 337)
(13, 9, 8.472886094430002, 337)
(13, 10, 8.472886094430002, 337)
(13, 11, 8.472886094430002, 337)
(13, 12, 8.472886094430002, 337)
(13, 13, 8.472886094430002, 337)
(13, 14, 8.472886094430002, 337)
(13, 15, 8.472886094430002, 339)
(13, 16, 8.472886094430002, 339)
(13, 17, 8.472886094430002, 339)
(13, 18, 8.472886094430002, 339)
(13, 19, 8.472886094430002, 339)
(13, 20, 8.472886094430002, 339)
(13, 21, 8.472886094430002, 339)
(13, 22, 8.472886094430002, 339)
(13, 23, 8.472886094430002, 339)
(13, 24, 8.472886094430002, 339)
(13, 25, 8.472886094430002, 339)
(13, 26, 8.472886094430002, 339)
(13, 27, 8.472886094430002, 203)
(13, 28, 8.472886094430002, 203)
(13, 29, 8.472886094430002, 203)
(13, 30, 8.472886094430002, 203)
(13, 31, 8.472886094430002, 203)
(13, 32, 8.472886094430002, 203)
(14, 1, 7.6255974849870025, 203)
(14, 2, 7.6255974849870025, 203)
(14, 4, 7.6255974849870025, 203)
(14, 5, 7.6255974849870025, 203)
(14, 6, 7.6255974849870025, 203)
(14, 7, 7.6255974849870025, 203)
(14, 8, 7.6255974849870025, 203)
(14, 9, 7.6255974849870025, 203)
(14, 10, 7.6255974849870025, 203)
(14, 11, 7.6255974849870025, 203)
(14, 12, 7.6255974849870025, 203)
(14, 13, 7.6255974849870025, 201)
(14, 15, 7.6255974849870025, 201)
(14, 16, 7.6255974849870025, 201)
(14, 17, 7.6255974849870025, 201)
(14, 18, 7.6255974849870025, 201)
(14, 19, 7.6255974849870025, 201)
(14, 21, 7.6255974849870025, 201)
(14, 22, 7.6255974849870025, 201)
(14, 23, 7.6255974849870025, 201)
(14, 24, 7.6255974849870025, 201)
(14, 25, 7.6255974849870025, 201)
(14, 26, 7.6255974849870025, 201)
(14, 28, 7.6255974849870025, 201)
(14, 29, 7.6255974849870025, 201)
(14, 30, 7.6255974849870025, 201)
(14, 31, 7.6255974849870025, 201)
(14, 32, 7.6255974849870025, 201)
(14, 33, 7.6255974849870025, 201)
(14, 34, 7.6255974849870025, 201)
(15, 1, 6.863037736488303, 201)
(15, 2, 6.863037736488303, 201)
(15, 3, 6.863037736488303, 201)
(15, 4, 6.863037736488303, 201)
(15, 5, 6.863037736488303, 201)
(15, 6, 6.863037736488303, 201)
(15, 8, 6.863037736488303, 201)
(15, 10, 6.863037736488303, 201)
(15, 11, 6.863037736488303, 146)
(15, 12, 6.863037736488303, 146)
(15, 13, 6.863037736488303, 146)
(15, 14, 6.863037736488303, 146)
(15, 15, 6.863037736488303, 146)
(15, 17, 6.863037736488303, 146)
(15, 18, 6.863037736488303, 146)
(15, 19, 6.863037736488303, 146)
(15, 21, 6.863037736488303, 146)
(15, 22, 6.863037736488303, 146)
(15, 23, 6.863037736488303, 146)
(15, 24, 6.863037736488303, 146)
(15, 25, 6.863037736488303, 146)
(15, 26, 6.863037736488303, 146)
(15, 27, 6.863037736488303, 146)
(15, 28, 6.863037736488303, 146)
(15, 29, 6.863037736488303, 146)
(15, 30, 6.863037736488303, 146)
(15, 32, 6.863037736488303, 146)
(15, 33, 6.863037736488303, 146)
(15, 34, 6.863037736488303, 146)
(15, 35, 6.863037736488303, 146)
(16, 1, 6.176733962839473, 146)
(16, 2, 6.176733962839473, 146)
(16, 3, 6.176733962839473, 146)
(16, 4, 6.176733962839473, 146)
(16, 5, 6.176733962839473, 146)
(16, 6, 6.176733962839473, 146)
(16, 7, 6.176733962839473, 146)
(16, 8, 6.176733962839473, 146)
(16, 9, 6.176733962839473, 146)
(16, 10, 6.176733962839473, 146)
(16, 11, 6.176733962839473, 146)
(16, 12, 6.176733962839473, 146)
(16, 13, 6.176733962839473, 146)
(16, 14, 6.176733962839473, 146)
(16, 15, 6.176733962839473, 146)
(16, 16, 6.176733962839473, 146)
(16, 17, 6.176733962839473, 146)
(16, 18, 6.176733962839473, 146)
(16, 19, 6.176733962839473, 146)
(16, 20, 6.176733962839473, 146)
(16, 21, 6.176733962839473, 146)
(16, 22, 6.176733962839473, 146)
(16, 23, 6.176733962839473, 146)
(16, 25, 6.176733962839473, 146)
(16, 26, 6.176733962839473, 146)
(16, 29, 6.176733962839473, 146)
(16, 30, 6.176733962839473, 146)
(16, 31, 6.176733962839473, 146)
(16, 32, 6.176733962839473, 146)
(16, 33, 6.176733962839473, 146)
(17, 1, 5.559060566555526, 146)
(17, 2, 5.559060566555526, 146)
(17, 3, 5.559060566555526, 146)
(17, 4, 5.559060566555526, 146)
(17, 5, 5.559060566555526, 146)
(17, 6, 5.559060566555526, 146)
(17, 7, 5.559060566555526, 146)
(17, 8, 5.559060566555526, 146)
(17, 9, 5.559060566555526, 146)
(17, 10, 5.559060566555526, 146)
(17, 11, 5.559060566555526, 146)
(17, 12, 5.559060566555526, 146)
(17, 13, 5.559060566555526, 146)
(17, 14, 5.559060566555526, 146)
(17, 15, 5.559060566555526, 146)
(17, 17, 5.559060566555526, 146)
(17, 18, 5.559060566555526, 146)
(17, 19, 5.559060566555526, 146)
(17, 20, 5.559060566555526, 146)
(17, 21, 5.559060566555526, 146)
(17, 22, 5.559060566555526, 146)
(17, 23, 5.559060566555526, 146)
(17, 24, 5.559060566555526, 146)
(17, 25, 5.559060566555526, 146)
(17, 26, 5.559060566555526, 146)
(17, 27, 5.559060566555526, 146)
(17, 28, 5.559060566555526, 146)
(17, 29, 5.559060566555526, 146)
(17, 31, 5.559060566555526, 146)
(17, 33, 5.559060566555526, 146)
(18, 1, 5.003154509899973, 146)
(18, 4, 5.003154509899973, 146)
(18, 5, 5.003154509899973, 146)
(18, 6, 5.003154509899973, 146)
(18, 7, 5.003154509899973, 146)
(18, 8, 5.003154509899973, 146)
(18, 9, 5.003154509899973, 146)
(18, 10, 5.003154509899973, 146)
(18, 11, 5.003154509899973, 146)
(18, 12, 5.003154509899973, 146)
(18, 13, 5.003154509899973, 146)
(18, 15, 5.003154509899973, 146)
(18, 16, 5.003154509899973, 146)
(18, 17, 5.003154509899973, 146)
(18, 18, 5.003154509899973, 146)
(18, 19, 5.003154509899973, 146)
(18, 22, 5.003154509899973, 146)
(18, 23, 5.003154509899973, 146)
(18, 24, 5.003154509899973, 146)
(18, 25, 5.003154509899973, 146)
(18, 26, 5.003154509899973, 146)
(18, 28, 5.003154509899973, 146)
(18, 30, 5.003154509899973, 146)
(18, 31, 5.003154509899973, 146)
(18, 32, 5.003154509899973, 146)
(18, 33, 5.003154509899973, 146)
(18, 34, 5.003154509899973, 146)
(18, 35, 5.003154509899973, 146)
(18, 36, 5.003154509899973, 146)
(18, 37, 5.003154509899973, 146)
(19, 1, 4.502839058909976, 146)
(19, 2, 4.502839058909976, 146)
(19, 3, 4.502839058909976, 146)
(19, 4, 4.502839058909976, 146)
(19, 6, 4.502839058909976, 146)
(19, 7, 4.502839058909976, 142)
(19, 8, 4.502839058909976, 142)
(19, 9, 4.502839058909976, 142)
(19, 10, 4.502839058909976, 142)
(19, 11, 4.502839058909976, 142)
(19, 12, 4.502839058909976, 142)
(19, 14, 4.502839058909976, 142)
(19, 15, 4.502839058909976, 142)
(19, 16, 4.502839058909976, 86)
(19, 17, 4.502839058909976, 86)
(19, 18, 4.502839058909976, 86)
(19, 19, 4.502839058909976, 86)
(19, 20, 4.502839058909976, 86)
(19, 21, 4.502839058909976, 86)
(19, 22, 4.502839058909976, 86)
(19, 23, 4.502839058909976, 86)
(19, 24, 4.502839058909976, 86)
(19, 26, 4.502839058909976, 86)
(19, 27, 4.502839058909976, 86)
(19, 28, 4.502839058909976, 86)
(19, 29, 4.502839058909976, 86)
(19, 30, 4.502839058909976, 86)
(19, 31, 4.502839058909976, 86)
(19, 33, 4.502839058909976, 85)
(19, 35, 4.502839058909976, 85)
(20, 1, 4.052555153018979, 85)
(20, 2, 4.052555153018979, 85)
(20, 3, 4.052555153018979, 85)
(20, 4, 4.052555153018979, 85)
(20, 5, 4.052555153018979, 85)
(20, 6, 4.052555153018979, 85)
(20, 7, 4.052555153018979, 85)
(20, 8, 4.052555153018979, 85)
(20, 10, 4.052555153018979, 85)
(20, 11, 4.052555153018979, 85)
(20, 12, 4.052555153018979, 85)
(20, 13, 4.052555153018979, 85)
(20, 14, 4.052555153018979, 85)
(20, 15, 4.052555153018979, 85)
(20, 16, 4.052555153018979, 85)
(20, 18, 4.052555153018979, 85)
(20, 19, 4.052555153018979, 85)
(20, 20, 4.052555153018979, 85)
(20, 21, 4.052555153018979, 85)
(20, 22, 4.052555153018979, 85)
(20, 23, 4.052555153018979, 85)
(20, 24, 4.052555153018979, 85)
(20, 25, 4.052555153018979, 85)
(20, 26, 4.052555153018979, 85)
(20, 28, 4.052555153018979, 85)
(20, 29, 4.052555153018979, 85)
(20, 30, 4.052555153018979, 85)
(20, 31, 4.052555153018979, 85)
(20, 32, 4.052555153018979, 85)
(20, 33, 4.052555153018979, 85)
(21, 1, 3.6472996377170808, 85)
(21, 2, 3.6472996377170808, 85)
(21, 3, 3.6472996377170808, 85)
(21, 5, 3.6472996377170808, 85)
(21, 6, 3.6472996377170808, 85)
(21, 7, 3.6472996377170808, 85)
(21, 8, 3.6472996377170808, 85)
(21, 9, 3.6472996377170808, 85)
(21, 10, 3.6472996377170808, 85)
(21, 11, 3.6472996377170808, 85)
(21, 12, 3.6472996377170808, 85)
(21, 13, 3.6472996377170808, 85)
(21, 14, 3.6472996377170808, 85)
(21, 15, 3.6472996377170808, 85)
(21, 17, 3.6472996377170808, 85)
(21, 18, 3.6472996377170808, 85)
(21, 19, 3.6472996377170808, 85)
(21, 20, 3.6472996377170808, 85)
(21, 21, 3.6472996377170808, 85)
(21, 22, 3.6472996377170808, 85)
(21, 24, 3.6472996377170808, 85)
(21, 25, 3.6472996377170808, 85)
(21, 26, 3.6472996377170808, 85)
(21, 27, 3.6472996377170808, 85)
(21, 28, 3.6472996377170808, 85)
(21, 29, 3.6472996377170808, 85)
(21, 30, 3.6472996377170808, 85)
(21, 31, 3.6472996377170808, 85)
(21, 32, 3.6472996377170808, 85)
(21, 33, 3.6472996377170808, 85)
(22, 1, 3.282569673945373, 85)
(22, 2, 3.282569673945373, 85)
(22, 3, 3.282569673945373, 85)
(22, 4, 3.282569673945373, 85)
(22, 5, 3.282569673945373, 85)
(22, 6, 3.282569673945373, 85)
(22, 7, 3.282569673945373, 85)
(22, 8, 3.282569673945373, 85)
(22, 9, 3.282569673945373, 85)
(22, 10, 3.282569673945373, 85)
(22, 11, 3.282569673945373, 85)
(22, 12, 3.282569673945373, 85)
(22, 13, 3.282569673945373, 85)
(22, 14, 3.282569673945373, 85)
(22, 15, 3.282569673945373, 85)
(22, 16, 3.282569673945373, 85)
(22, 18, 3.282569673945373, 85)
(22, 19, 3.282569673945373, 85)
(22, 20, 3.282569673945373, 85)
(22, 23, 3.282569673945373, 85)
(22, 24, 3.282569673945373, 85)
(22, 25, 3.282569673945373, 85)
(22, 26, 3.282569673945373, 85)
(22, 28, 3.282569673945373, 85)
(22, 29, 3.282569673945373, 85)
(22, 30, 3.282569673945373, 85)
(22, 31, 3.282569673945373, 85)
(22, 32, 3.282569673945373, 85)
(22, 33, 3.282569673945373, 85)
(22, 34, 3.282569673945373, 85)
(23, 1, 2.954312706550836, 85)
(23, 2, 2.954312706550836, 85)
(23, 3, 2.954312706550836, 85)
(23, 4, 2.954312706550836, 85)
(23, 6, 2.954312706550836, 85)
(23, 7, 2.954312706550836, 85)
(23, 8, 2.954312706550836, 85)
(23, 10, 2.954312706550836, 85)
(23, 12, 2.954312706550836, 85)
(23, 13, 2.954312706550836, 85)
(23, 15, 2.954312706550836, 85)
(23, 16, 2.954312706550836, 85)
(23, 17, 2.954312706550836, 85)
(23, 18, 2.954312706550836, 85)
(23, 19, 2.954312706550836, 85)
(23, 20, 2.954312706550836, 85)
(23, 21, 2.954312706550836, 85)
(23, 22, 2.954312706550836, 85)
(23, 23, 2.954312706550836, 85)
(23, 24, 2.954312706550836, 85)
(23, 25, 2.954312706550836, 85)
(23, 26, 2.954312706550836, 85)
(23, 27, 2.954312706550836, 85)
(23, 28, 2.954312706550836, 85)
(23, 30, 2.954312706550836, 85)
(23, 32, 2.954312706550836, 85)
(23, 33, 2.954312706550836, 85)
(23, 34, 2.954312706550836, 85)
(23, 35, 2.954312706550836, 85)
(23, 36, 2.954312706550836, 85)
(24, 1, 2.6588814358957524, 85)
(24, 2, 2.6588814358957524, 85)
(24, 3, 2.6588814358957524, 85)
(24, 5, 2.6588814358957524, 85)
(24, 6, 2.6588814358957524, 70)
(24, 7, 2.6588814358957524, 70)
(24, 8, 2.6588814358957524, 70)
(24, 9, 2.6588814358957524, 70)
(24, 10, 2.6588814358957524, 70)
(24, 11, 2.6588814358957524, 70)
(24, 12, 2.6588814358957524, 70)
(24, 13, 2.6588814358957524, 71)
(24, 14, 2.6588814358957524, 71)
(24, 15, 2.6588814358957524, 71)
(24, 16, 2.6588814358957524, 71)
(24, 18, 2.6588814358957524, 71)
(24, 19, 2.6588814358957524, 71)
(24, 21, 2.6588814358957524, 71)
(24, 22, 2.6588814358957524, 71)
(24, 23, 2.6588814358957524, 71)
(24, 24, 2.6588814358957524, 71)
(24, 25, 2.6588814358957524, 71)
(24, 26, 2.6588814358957524, 71)
(24, 27, 2.6588814358957524, 71)
(24, 28, 2.6588814358957524, 71)
(24, 29, 2.6588814358957524, 71)
(24, 30, 2.6588814358957524, 71)
(24, 31, 2.6588814358957524, 71)
(24, 32, 2.6588814358957524, 71)
(24, 33, 2.6588814358957524, 71)
(25, 1, 2.392993292306177, 71)
(25, 2, 2.392993292306177, 71)
(25, 3, 2.392993292306177, 71)
(25, 4, 2.392993292306177, 71)
(25, 5, 2.392993292306177, 71)
(25, 6, 2.392993292306177, 71)
(25, 7, 2.392993292306177, 71)
(25, 8, 2.392993292306177, 71)
(25, 9, 2.392993292306177, 71)
(25, 11, 2.392993292306177, 71)
(25, 13, 2.392993292306177, 71)
(25, 14, 2.392993292306177, 71)
(25, 15, 2.392993292306177, 71)
(25, 16, 2.392993292306177, 71)
(25, 18, 2.392993292306177, 71)
(25, 19, 2.392993292306177, 71)
(25, 20, 2.392993292306177, 71)
(25, 21, 2.392993292306177, 71)
(25, 22, 2.392993292306177, 71)
(25, 24, 2.392993292306177, 71)
(25, 25, 2.392993292306177, 71)
(25, 26, 2.392993292306177, 71)
(25, 27, 2.392993292306177, 71)
(25, 28, 2.392993292306177, 71)
(25, 29, 2.392993292306177, 71)
(25, 30, 2.392993292306177, 71)
(25, 31, 2.392993292306177, 71)
(25, 32, 2.392993292306177, 71)
(25, 33, 2.392993292306177, 71)
(25, 34, 2.392993292306177, 73)
(26, 1, 2.1536939630755594, 73)
(26, 2, 2.1536939630755594, 73)
(26, 3, 2.1536939630755594, 73)
(26, 4, 2.1536939630755594, 73)
(26, 5, 2.1536939630755594, 73)
(26, 6, 2.1536939630755594, 73)
(26, 7, 2.1536939630755594, 73)
(26, 8, 2.1536939630755594, 73)
(26, 9, 2.1536939630755594, 73)
(26, 10, 2.1536939630755594, 73)
(26, 11, 2.1536939630755594, 73)
(26, 13, 2.1536939630755594, 73)
(26, 14, 2.1536939630755594, 73)
(26, 15, 2.1536939630755594, 73)
(26, 16, 2.1536939630755594, 73)
(26, 17, 2.1536939630755594, 73)
(26, 19, 2.1536939630755594, 73)
(26, 20, 2.1536939630755594, 73)
(26, 21, 2.1536939630755594, 73)
(26, 22, 2.1536939630755594, 73)
(26, 23, 2.1536939630755594, 73)
(26, 24, 2.1536939630755594, 73)
(26, 25, 2.1536939630755594, 73)
(26, 26, 2.1536939630755594, 73)
(26, 27, 2.1536939630755594, 73)
(26, 28, 2.1536939630755594, 73)
(26, 29, 2.1536939630755594, 73)
(26, 30, 2.1536939630755594, 73)
(26, 32, 2.1536939630755594, 73)
(26, 33, 2.1536939630755594, 73)
(27, 1, 1.9383245667680036, 73)
(27, 2, 1.9383245667680036, 73)
(27, 3, 1.9383245667680036, 73)
(27, 4, 1.9383245667680036, 73)
(27, 5, 1.9383245667680036, 73)
(27, 6, 1.9383245667680036, 73)
(27, 7, 1.9383245667680036, 73)
(27, 8, 1.9383245667680036, 73)
(27, 9, 1.9383245667680036, 73)
(27, 10, 1.9383245667680036, 73)
(27, 11, 1.9383245667680036, 73)
(27, 12, 1.9383245667680036, 73)
(27, 13, 1.9383245667680036, 73)
(27, 16, 1.9383245667680036, 73)
(27, 17, 1.9383245667680036, 71)
(27, 18, 1.9383245667680036, 71)
(27, 19, 1.9383245667680036, 71)
(27, 20, 1.9383245667680036, 71)
(27, 21, 1.9383245667680036, 71)
(27, 22, 1.9383245667680036, 71)
(27, 23, 1.9383245667680036, 71)
(27, 24, 1.9383245667680036, 71)
(27, 25, 1.9383245667680036, 71)
(27, 26, 1.9383245667680036, 71)
(27, 27, 1.9383245667680036, 71)
(27, 28, 1.9383245667680036, 71)
(27, 29, 1.9383245667680036, 71)
(27, 31, 1.9383245667680036, 71)
(27, 32, 1.9383245667680036, 71)
(27, 33, 1.9383245667680036, 71)
(28, 2, 1.7444921100912032, 71)
(28, 3, 1.7444921100912032, 71)
(28, 4, 1.7444921100912032, 71)
(28, 5, 1.7444921100912032, 71)
(28, 6, 1.7444921100912032, 71)
(28, 7, 1.7444921100912032, 71)
(28, 8, 1.7444921100912032, 71)
(28, 9, 1.7444921100912032, 71)
(28, 10, 1.7444921100912032, 71)
(28, 11, 1.7444921100912032, 71)
(28, 12, 1.7444921100912032, 71)
(28, 13, 1.7444921100912032, 71)
(28, 14, 1.7444921100912032, 71)
(28, 15, 1.7444921100912032, 71)
(28, 16, 1.7444921100912032, 71)
(28, 17, 1.7444921100912032, 71)
(28, 18, 1.7444921100912032, 71)
(28, 19, 1.7444921100912032, 71)
(28, 20, 1.7444921100912032, 71)
(28, 21, 1.7444921100912032, 71)
(28, 22, 1.7444921100912032, 71)
(28, 23, 1.7444921100912032, 71)
(28, 24, 1.7444921100912032, 71)
(28, 26, 1.7444921100912032, 71)
(28, 27, 1.7444921100912032, 71)
(28, 28, 1.7444921100912032, 71)
(28, 29, 1.7444921100912032, 71)
(28, 30, 1.7444921100912032, 71)
(28, 33, 1.7444921100912032, 71)
(28, 34, 1.7444921100912032, 71)
(29, 1, 1.570042899082083, 71)
(29, 2, 1.570042899082083, 71)
(29, 3, 1.570042899082083, 71)
(29, 4, 1.570042899082083, 71)
(29, 5, 1.570042899082083, 71)
(29, 6, 1.570042899082083, 71)
(29, 7, 1.570042899082083, 71)
(29, 8, 1.570042899082083, 71)
(29, 9, 1.570042899082083, 71)
(29, 10, 1.570042899082083, 71)
(29, 11, 1.570042899082083, 71)
(29, 12, 1.570042899082083, 71)
(29, 13, 1.570042899082083, 71)
(29, 14, 1.570042899082083, 71)
(29, 15, 1.570042899082083, 71)
(29, 16, 1.570042899082083, 71)
(29, 17, 1.570042899082083, 71)
(29, 18, 1.570042899082083, 71)
(29, 19, 1.570042899082083, 71)
(29, 20, 1.570042899082083, 71)
(29, 22, 1.570042899082083, 71)
(29, 23, 1.570042899082083, 71)
(29, 24, 1.570042899082083, 71)
(29, 25, 1.570042899082083, 71)
(29, 26, 1.570042899082083, 71)
(29, 27, 1.570042899082083, 71)
(29, 28, 1.570042899082083, 71)
(29, 29, 1.570042899082083, 71)
(29, 30, 1.570042899082083, 71)
(29, 31, 1.570042899082083, 71)
(30, 1, 1.4130386091738747, 71)
(30, 2, 1.4130386091738747, 71)
(30, 3, 1.4130386091738747, 71)
(30, 4, 1.4130386091738747, 71)
(30, 6, 1.4130386091738747, 71)
(30, 7, 1.4130386091738747, 71)
(30, 8, 1.4130386091738747, 71)
(30, 9, 1.4130386091738747, 71)
(30, 10, 1.4130386091738747, 71)
(30, 11, 1.4130386091738747, 71)
(30, 12, 1.4130386091738747, 71)
(30, 13, 1.4130386091738747, 71)
(30, 14, 1.4130386091738747, 73)
(30, 15, 1.4130386091738747, 73)
(30, 16, 1.4130386091738747, 73)
(30, 17, 1.4130386091738747, 73)
(30, 18, 1.4130386091738747, 73)
(30, 19, 1.4130386091738747, 73)
(30, 20, 1.4130386091738747, 73)
(30, 22, 1.4130386091738747, 73)
(30, 25, 1.4130386091738747, 73)
(30, 26, 1.4130386091738747, 71)
(30, 27, 1.4130386091738747, 71)
(30, 28, 1.4130386091738747, 71)
(30, 29, 1.4130386091738747, 71)
(30, 30, 1.4130386091738747, 71)
(30, 31, 1.4130386091738747, 71)
(30, 32, 1.4130386091738747, 71)
(30, 33, 1.4130386091738747, 71)
(30, 34, 1.4130386091738747, 71)
(31, 1, 1.2717347482564874, 71)
(31, 2, 1.2717347482564874, 71)
(31, 3, 1.2717347482564874, 71)
(31, 4, 1.2717347482564874, 71)
(31, 5, 1.2717347482564874, 71)
(31, 6, 1.2717347482564874, 71)
(31, 7, 1.2717347482564874, 71)
(31, 8, 1.2717347482564874, 71)
(31, 9, 1.2717347482564874, 71)
(31, 10, 1.2717347482564874, 71)
(31, 11, 1.2717347482564874, 71)
(31, 12, 1.2717347482564874, 71)
(31, 13, 1.2717347482564874, 71)
(31, 14, 1.2717347482564874, 71)
(31, 15, 1.2717347482564874, 71)
(31, 16, 1.2717347482564874, 71)
(31, 17, 1.2717347482564874, 71)
(31, 18, 1.2717347482564874, 71)
(31, 19, 1.2717347482564874, 71)
(31, 20, 1.2717347482564874, 71)
(31, 21, 1.2717347482564874, 71)
(31, 22, 1.2717347482564874, 71)
(31, 23, 1.2717347482564874, 71)
(31, 24, 1.2717347482564874, 71)
(31, 25, 1.2717347482564874, 71)
(31, 26, 1.2717347482564874, 71)
(31, 27, 1.2717347482564874, 71)
(31, 28, 1.2717347482564874, 71)
(31, 29, 1.2717347482564874, 71)
(31, 30, 1.2717347482564874, 71)
(32, 1, 1.1445612734308386, 71)
(32, 2, 1.1445612734308386, 71)
(32, 3, 1.1445612734308386, 71)
(32, 4, 1.1445612734308386, 71)
(32, 5, 1.1445612734308386, 71)
(32, 6, 1.1445612734308386, 71)
(32, 7, 1.1445612734308386, 71)
(32, 8, 1.1445612734308386, 71)
(32, 9, 1.1445612734308386, 71)
(32, 10, 1.1445612734308386, 71)
(32, 11, 1.1445612734308386, 71)
(32, 12, 1.1445612734308386, 71)
(32, 13, 1.1445612734308386, 71)
(32, 15, 1.1445612734308386, 71)
(32, 16, 1.1445612734308386, 71)
(32, 17, 1.1445612734308386, 71)
(32, 18, 1.1445612734308386, 71)
(32, 20, 1.1445612734308386, 71)
(32, 21, 1.1445612734308386, 71)
(32, 22, 1.1445612734308386, 71)
(32, 23, 1.1445612734308386, 71)
(32, 24, 1.1445612734308386, 71)
(32, 25, 1.1445612734308386, 71)
(32, 26, 1.1445612734308386, 71)
(32, 27, 1.1445612734308386, 71)
(32, 28, 1.1445612734308386, 71)
(32, 29, 1.1445612734308386, 71)
(32, 31, 1.1445612734308386, 71)
(32, 33, 1.1445612734308386, 71)
(32, 34, 1.1445612734308386, 71)
(33, 1, 1.0301051460877548, 71)
(33, 2, 1.0301051460877548, 71)
(33, 3, 1.0301051460877548, 71)
(33, 4, 1.0301051460877548, 71)
(33, 5, 1.0301051460877548, 71)
(33, 6, 1.0301051460877548, 71)
(33, 7, 1.0301051460877548, 71)
(33, 8, 1.0301051460877548, 71)
(33, 10, 1.0301051460877548, 71)
(33, 11, 1.0301051460877548, 71)
(33, 12, 1.0301051460877548, 71)
(33, 13, 1.0301051460877548, 71)
(33, 14, 1.0301051460877548, 71)
(33, 15, 1.0301051460877548, 71)
(33, 16, 1.0301051460877548, 71)
(33, 17, 1.0301051460877548, 71)
(33, 18, 1.0301051460877548, 71)
(33, 22, 1.0301051460877548, 71)
(33, 23, 1.0301051460877548, 71)
(33, 24, 1.0301051460877548, 71)
(33, 25, 1.0301051460877548, 71)
(33, 26, 1.0301051460877548, 71)
(33, 27, 1.0301051460877548, 71)
(33, 28, 1.0301051460877548, 71)
(33, 29, 1.0301051460877548, 71)
(33, 30, 1.0301051460877548, 71)
(33, 33, 1.0301051460877548, 71)
(33, 34, 1.0301051460877548, 71)
(33, 35, 1.0301051460877548, 71)
(33, 36, 1.0301051460877548, 71)
(34, 1, 0.9270946314789794, 71)
(34, 2, 0.9270946314789794, 71)
(34, 3, 0.9270946314789794, 71)
(34, 4, 0.9270946314789794, 71)
(34, 5, 0.9270946314789794, 71)
(34, 6, 0.9270946314789794, 71)
(34, 7, 0.9270946314789794, 71)
(34, 8, 0.9270946314789794, 71)
(34, 9, 0.9270946314789794, 71)
(34, 10, 0.9270946314789794, 71)
(34, 12, 0.9270946314789794, 71)
(34, 13, 0.9270946314789794, 71)
(34, 14, 0.9270946314789794, 71)
(34, 15, 0.9270946314789794, 71)
(34, 16, 0.9270946314789794, 71)
(34, 17, 0.9270946314789794, 71)
(34, 18, 0.9270946314789794, 71)
(34, 19, 0.9270946314789794, 71)
(34, 21, 0.9270946314789794, 71)
(34, 23, 0.9270946314789794, 71)
(34, 24, 0.9270946314789794, 71)
(34, 25, 0.9270946314789794, 71)
(34, 26, 0.9270946314789794, 71)
(34, 27, 0.9270946314789794, 71)
(34, 28, 0.9270946314789794, 71)
(34, 29, 0.9270946314789794, 71)
(34, 30, 0.9270946314789794, 71)
(34, 31, 0.9270946314789794, 71)
(34, 32, 0.9270946314789794, 71)
(34, 33, 0.9270946314789794, 71)
(35, 1, 0.8343851683310815, 71)
(35, 3, 0.8343851683310815, 71)
(35, 4, 0.8343851683310815, 71)
(35, 5, 0.8343851683310815, 71)
(35, 6, 0.8343851683310815, 71)
(35, 7, 0.8343851683310815, 71)
(35, 8, 0.8343851683310815, 71)
(35, 9, 0.8343851683310815, 71)
(35, 10, 0.8343851683310815, 71)
(35, 12, 0.8343851683310815, 71)
(35, 13, 0.8343851683310815, 71)
(35, 14, 0.8343851683310815, 71)
(35, 15, 0.8343851683310815, 71)
(35, 16, 0.8343851683310815, 71)
(35, 17, 0.8343851683310815, 71)
(35, 18, 0.8343851683310815, 71)
(35, 19, 0.8343851683310815, 71)
(35, 20, 0.8343851683310815, 71)
(35, 21, 0.8343851683310815, 71)
(35, 23, 0.8343851683310815, 71)
(35, 24, 0.8343851683310815, 71)
(35, 26, 0.8343851683310815, 70)
(35, 27, 0.8343851683310815, 70)
(35, 28, 0.8343851683310815, 70)
(35, 29, 0.8343851683310815, 70)
(35, 30, 0.8343851683310815, 70)
(35, 31, 0.8343851683310815, 70)
(35, 32, 0.8343851683310815, 70)
(35, 34, 0.8343851683310815, 70)
(35, 35, 0.8343851683310815, 70)
(36, 2, 0.7509466514979733, 70)
(36, 3, 0.7509466514979733, 70)
(36, 4, 0.7509466514979733, 70)
(36, 5, 0.7509466514979733, 70)
(36, 6, 0.7509466514979733, 70)
(36, 7, 0.7509466514979733, 70)
(36, 8, 0.7509466514979733, 70)
(36, 9, 0.7509466514979733, 70)
(36, 10, 0.7509466514979733, 70)
(36, 11, 0.7509466514979733, 70)
(36, 12, 0.7509466514979733, 70)
(36, 13, 0.7509466514979733, 70)
(36, 14, 0.7509466514979733, 70)
(36, 15, 0.7509466514979733, 70)
(36, 16, 0.7509466514979733, 70)
(36, 17, 0.7509466514979733, 70)
(36, 18, 0.7509466514979733, 70)
(36, 19, 0.7509466514979733, 70)
(36, 21, 0.7509466514979733, 70)
(36, 22, 0.7509466514979733, 70)
(36, 23, 0.7509466514979733, 70)
(36, 24, 0.7509466514979733, 70)
(36, 25, 0.7509466514979733, 70)
(36, 26, 0.7509466514979733, 70)
(36, 27, 0.7509466514979733, 70)
(36, 28, 0.7509466514979733, 70)
(36, 29, 0.7509466514979733, 70)
(36, 30, 0.7509466514979733, 70)
(36, 32, 0.7509466514979733, 70)
(36, 34, 0.7509466514979733, 70)
(37, 1, 0.675851986348176, 70)
(37, 2, 0.675851986348176, 70)
(37, 3, 0.675851986348176, 70)
(37, 4, 0.675851986348176, 70)
(37, 5, 0.675851986348176, 70)
(37, 6, 0.675851986348176, 70)
(37, 7, 0.675851986348176, 70)
(37, 8, 0.675851986348176, 70)
(37, 9, 0.675851986348176, 70)
(37, 10, 0.675851986348176, 70)
(37, 11, 0.675851986348176, 70)
(37, 12, 0.675851986348176, 70)
(37, 13, 0.675851986348176, 70)
(37, 14, 0.675851986348176, 70)
(37, 15, 0.675851986348176, 70)
(37, 16, 0.675851986348176, 70)
(37, 17, 0.675851986348176, 70)
(37, 18, 0.675851986348176, 70)
(37, 19, 0.675851986348176, 70)
(37, 20, 0.675851986348176, 70)
(37, 21, 0.675851986348176, 70)
(37, 22, 0.675851986348176, 70)
(37, 24, 0.675851986348176, 70)
(37, 25, 0.675851986348176, 70)
(37, 26, 0.675851986348176, 70)
(37, 27, 0.675851986348176, 70)
(37, 28, 0.675851986348176, 70)
(37, 30, 0.675851986348176, 70)
(37, 31, 0.675851986348176, 70)
(37, 32, 0.675851986348176, 70)
(38, 1, 0.6082667877133584, 70)
(38, 2, 0.6082667877133584, 70)
(38, 3, 0.6082667877133584, 70)
(38, 4, 0.6082667877133584, 70)
(38, 5, 0.6082667877133584, 70)
(38, 6, 0.6082667877133584, 70)
(38, 7, 0.6082667877133584, 70)
(38, 8, 0.6082667877133584, 70)
(38, 9, 0.6082667877133584, 70)
(38, 10, 0.6082667877133584, 70)
(38, 11, 0.6082667877133584, 70)
(38, 12, 0.6082667877133584, 70)
(38, 13, 0.6082667877133584, 70)
(38, 16, 0.6082667877133584, 70)
(38, 17, 0.6082667877133584, 70)
(38, 19, 0.6082667877133584, 70)
(38, 20, 0.6082667877133584, 70)
(38, 21, 0.6082667877133584, 70)
(38, 22, 0.6082667877133584, 70)
(38, 23, 0.6082667877133584, 70)
(38, 26, 0.6082667877133584, 70)
(38, 29, 0.6082667877133584, 70)
(38, 30, 0.6082667877133584, 69)
(38, 31, 0.6082667877133584, 69)
(38, 32, 0.6082667877133584, 69)
(38, 33, 0.6082667877133584, 69)
(38, 34, 0.6082667877133584, 69)
(38, 35, 0.6082667877133584, 69)
(38, 36, 0.6082667877133584, 69)
(38, 37, 0.6082667877133584, 69)
(39, 1, 0.5474401089420226, 69)
(39, 2, 0.5474401089420226, 69)
(39, 3, 0.5474401089420226, 69)
(39, 4, 0.5474401089420226, 69)
(39, 6, 0.5474401089420226, 69)
(39, 7, 0.5474401089420226, 69)
(39, 8, 0.5474401089420226, 69)
(39, 9, 0.5474401089420226, 69)
(39, 10, 0.5474401089420226, 69)
(39, 11, 0.5474401089420226, 69)
(39, 13, 0.5474401089420226, 69)
(39, 14, 0.5474401089420226, 69)
(39, 15, 0.5474401089420226, 69)
(39, 17, 0.5474401089420226, 69)
(39, 18, 0.5474401089420226, 69)
(39, 19, 0.5474401089420226, 69)
(39, 20, 0.5474401089420226, 69)
(39, 21, 0.5474401089420226, 69)
(39, 22, 0.5474401089420226, 69)
(39, 23, 0.5474401089420226, 69)
(39, 27, 0.5474401089420226, 69)
(39, 28, 0.5474401089420226, 69)
(39, 29, 0.5474401089420226, 69)
(39, 30, 0.5474401089420226, 69)
(39, 31, 0.5474401089420226, 69)
(39, 32, 0.5474401089420226, 69)
(39, 33, 0.5474401089420226, 69)
(39, 34, 0.5474401089420226, 69)
(39, 35, 0.5474401089420226, 69)
(39, 36, 0.5474401089420226, 69)
(40, 1, 0.49269609804782033, 69)
(40, 2, 0.49269609804782033, 69)
(40, 3, 0.49269609804782033, 69)
(40, 4, 0.49269609804782033, 69)
(40, 5, 0.49269609804782033, 69)
(40, 6, 0.49269609804782033, 69)
(40, 7, 0.49269609804782033, 69)
(40, 8, 0.49269609804782033, 69)
(40, 9, 0.49269609804782033, 69)
(40, 11, 0.49269609804782033, 69)
(40, 12, 0.49269609804782033, 69)
(40, 13, 0.49269609804782033, 69)
(40, 14, 0.49269609804782033, 69)
(40, 15, 0.49269609804782033, 69)
(40, 16, 0.49269609804782033, 69)
(40, 17, 0.49269609804782033, 69)
(40, 19, 0.49269609804782033, 69)
(40, 20, 0.49269609804782033, 69)
(40, 21, 0.49269609804782033, 69)
(40, 23, 0.49269609804782033, 69)
(40, 24, 0.49269609804782033, 69)
(40, 25, 0.49269609804782033, 69)
(40, 26, 0.49269609804782033, 69)
(40, 27, 0.49269609804782033, 69)
(40, 28, 0.49269609804782033, 69)
(40, 29, 0.49269609804782033, 69)
(40, 30, 0.49269609804782033, 69)
(40, 31, 0.49269609804782033, 69)
(40, 32, 0.49269609804782033, 69)
(40, 33, 0.49269609804782033, 69)
(41, 1, 0.4434264882430383, 69)
(41, 2, 0.4434264882430383, 69)
(41, 3, 0.4434264882430383, 69)
(41, 4, 0.4434264882430383, 69)
(41, 5, 0.4434264882430383, 69)
(41, 6, 0.4434264882430383, 69)
(41, 7, 0.4434264882430383, 69)
(41, 8, 0.4434264882430383, 69)
(41, 9, 0.4434264882430383, 69)
(41, 10, 0.4434264882430383, 69)
(41, 11, 0.4434264882430383, 69)
(41, 13, 0.4434264882430383, 69)
(41, 14, 0.4434264882430383, 69)
(41, 15, 0.4434264882430383, 69)
(41, 16, 0.4434264882430383, 69)
(41, 17, 0.4434264882430383, 69)
(41, 19, 0.4434264882430383, 69)
(41, 20, 0.4434264882430383, 69)
(41, 21, 0.4434264882430383, 69)
(41, 22, 0.4434264882430383, 69)
(41, 23, 0.4434264882430383, 69)
(41, 24, 0.4434264882430383, 69)
(41, 25, 0.4434264882430383, 69)
(41, 26, 0.4434264882430383, 69)
(41, 27, 0.4434264882430383, 69)
(41, 28, 0.4434264882430383, 69)
(41, 29, 0.4434264882430383, 69)
(41, 30, 0.4434264882430383, 69)
(41, 31, 0.4434264882430383, 69)
(41, 33, 0.4434264882430383, 69)
(42, 1, 0.3990838394187345, 69)
(42, 2, 0.3990838394187345, 69)
(42, 3, 0.3990838394187345, 69)
(42, 4, 0.3990838394187345, 69)
(42, 5, 0.3990838394187345, 70)
(42, 6, 0.3990838394187345, 70)
(42, 7, 0.3990838394187345, 70)
(42, 8, 0.3990838394187345, 70)
(42, 9, 0.3990838394187345, 70)
(42, 10, 0.3990838394187345, 70)
(42, 11, 0.3990838394187345, 70)
(42, 12, 0.3990838394187345, 70)
(42, 13, 0.3990838394187345, 70)
(42, 14, 0.3990838394187345, 70)
(42, 15, 0.3990838394187345, 70)
(42, 16, 0.3990838394187345, 70)
(42, 18, 0.3990838394187345, 70)
(42, 19, 0.3990838394187345, 70)
(42, 20, 0.3990838394187345, 70)
(42, 22, 0.3990838394187345, 70)
(42, 23, 0.3990838394187345, 70)
(42, 24, 0.3990838394187345, 70)
(42, 25, 0.3990838394187345, 70)
(42, 26, 0.3990838394187345, 70)
(42, 27, 0.3990838394187345, 70)
(42, 28, 0.3990838394187345, 70)
(42, 29, 0.3990838394187345, 70)
(42, 30, 0.3990838394187345, 70)
(42, 31, 0.3990838394187345, 70)
(42, 32, 0.3990838394187345, 70)
(43, 1, 0.359175455476861, 70)
(43, 2, 0.359175455476861, 70)
(43, 3, 0.359175455476861, 70)
(43, 4, 0.359175455476861, 70)
(43, 5, 0.359175455476861, 70)
(43, 6, 0.359175455476861, 70)
(43, 7, 0.359175455476861, 70)
(43, 8, 0.359175455476861, 70)
(43, 9, 0.359175455476861, 70)
(43, 10, 0.359175455476861, 70)
(43, 11, 0.359175455476861, 70)
(43, 12, 0.359175455476861, 70)
(43, 13, 0.359175455476861, 70)
(43, 14, 0.359175455476861, 70)
(43, 15, 0.359175455476861, 70)
(43, 16, 0.359175455476861, 70)
(43, 17, 0.359175455476861, 70)
(43, 18, 0.359175455476861, 70)
(43, 19, 0.359175455476861, 70)
(43, 20, 0.359175455476861, 70)
(43, 21, 0.359175455476861, 70)
(43, 22, 0.359175455476861, 70)
(43, 23, 0.359175455476861, 70)
(43, 24, 0.359175455476861, 70)
(43, 25, 0.359175455476861, 70)
(43, 26, 0.359175455476861, 70)
(43, 27, 0.359175455476861, 70)
(43, 28, 0.359175455476861, 70)
(43, 29, 0.359175455476861, 70)
(43, 30, 0.359175455476861, 70)
(44, 2, 0.3232579099291749, 70)
(44, 3, 0.3232579099291749, 70)
(44, 4, 0.3232579099291749, 70)
(44, 5, 0.3232579099291749, 70)
(44, 6, 0.3232579099291749, 70)
(44, 7, 0.3232579099291749, 70)
(44, 8, 0.3232579099291749, 70)
(44, 9, 0.3232579099291749, 70)
(44, 10, 0.3232579099291749, 70)
(44, 11, 0.3232579099291749, 70)
(44, 12, 0.3232579099291749, 70)
(44, 13, 0.3232579099291749, 70)
(44, 14, 0.3232579099291749, 70)
(44, 15, 0.3232579099291749, 70)
(44, 16, 0.3232579099291749, 70)
(44, 17, 0.3232579099291749, 70)
(44, 18, 0.3232579099291749, 70)
(44, 19, 0.3232579099291749, 70)
(44, 20, 0.3232579099291749, 70)
(44, 21, 0.3232579099291749, 70)
(44, 22, 0.3232579099291749, 70)
(44, 23, 0.3232579099291749, 70)
(44, 24, 0.3232579099291749, 70)
(44, 25, 0.3232579099291749, 70)
(44, 26, 0.3232579099291749, 70)
(44, 27, 0.3232579099291749, 70)
(44, 28, 0.3232579099291749, 70)
(44, 30, 0.3232579099291749, 70)
(44, 31, 0.3232579099291749, 70)
(44, 32, 0.3232579099291749, 70)
(45, 2, 0.2909321189362574, 70)
(45, 4, 0.2909321189362574, 70)
(45, 5, 0.2909321189362574, 70)
(45, 6, 0.2909321189362574, 70)
(45, 7, 0.2909321189362574, 70)
(45, 8, 0.2909321189362574, 70)
(45, 9, 0.2909321189362574, 70)
(45, 10, 0.2909321189362574, 70)
(45, 11, 0.2909321189362574, 70)
(45, 12, 0.2909321189362574, 70)
(45, 13, 0.2909321189362574, 70)
(45, 14, 0.2909321189362574, 70)
(45, 15, 0.2909321189362574, 70)
(45, 16, 0.2909321189362574, 70)
(45, 17, 0.2909321189362574, 70)
(45, 18, 0.2909321189362574, 70)
(45, 19, 0.2909321189362574, 70)
(45, 20, 0.2909321189362574, 70)
(45, 21, 0.2909321189362574, 70)
(45, 22, 0.2909321189362574, 70)
(45, 23, 0.2909321189362574, 70)
(45, 24, 0.2909321189362574, 70)
(45, 25, 0.2909321189362574, 70)
(45, 26, 0.2909321189362574, 70)
(45, 27, 0.2909321189362574, 70)
(45, 28, 0.2909321189362574, 70)
(45, 29, 0.2909321189362574, 70)
(45, 30, 0.2909321189362574, 70)
(45, 31, 0.2909321189362574, 70)
(45, 32, 0.2909321189362574, 70)
(46, 1, 0.2618389070426317, 70)
(46, 2, 0.2618389070426317, 70)
(46, 3, 0.2618389070426317, 70)
(46, 4, 0.2618389070426317, 70)
(46, 5, 0.2618389070426317, 70)
(46, 6, 0.2618389070426317, 70)
(46, 7, 0.2618389070426317, 70)
(46, 8, 0.2618389070426317, 70)
(46, 9, 0.2618389070426317, 70)
(46, 10, 0.2618389070426317, 70)
(46, 11, 0.2618389070426317, 70)
(46, 12, 0.2618389070426317, 70)
(46, 13, 0.2618389070426317, 70)
(46, 14, 0.2618389070426317, 70)
(46, 15, 0.2618389070426317, 70)
(46, 16, 0.2618389070426317, 70)
(46, 17, 0.2618389070426317, 70)
(46, 18, 0.2618389070426317, 70)
(46, 19, 0.2618389070426317, 70)
(46, 20, 0.2618389070426317, 70)
(46, 21, 0.2618389070426317, 70)
(46, 22, 0.2618389070426317, 70)
(46, 23, 0.2618389070426317, 70)
(46, 24, 0.2618389070426317, 70)
(46, 25, 0.2618389070426317, 70)
(46, 26, 0.2618389070426317, 70)
(46, 27, 0.2618389070426317, 70)
(46, 29, 0.2618389070426317, 70)
(46, 30, 0.2618389070426317, 70)
(46, 31, 0.2618389070426317, 70)
(47, 1, 0.23565501633836852, 70)
(47, 2, 0.23565501633836852, 70)
(47, 3, 0.23565501633836852, 70)
(47, 4, 0.23565501633836852, 70)
(47, 5, 0.23565501633836852, 70)
(47, 6, 0.23565501633836852, 70)
(47, 7, 0.23565501633836852, 70)
(47, 8, 0.23565501633836852, 70)
(47, 10, 0.23565501633836852, 70)
(47, 11, 0.23565501633836852, 70)
(47, 12, 0.23565501633836852, 70)
(47, 13, 0.23565501633836852, 70)
(47, 14, 0.23565501633836852, 70)
(47, 15, 0.23565501633836852, 70)
(47, 16, 0.23565501633836852, 70)
(47, 17, 0.23565501633836852, 70)
(47, 18, 0.23565501633836852, 70)
(47, 19, 0.23565501633836852, 70)
(47, 20, 0.23565501633836852, 70)
(47, 21, 0.23565501633836852, 70)
(47, 22, 0.23565501633836852, 70)
(47, 24, 0.23565501633836852, 70)
(47, 25, 0.23565501633836852, 70)
(47, 26, 0.23565501633836852, 70)
(47, 27, 0.23565501633836852, 70)
(47, 28, 0.23565501633836852, 70)
(47, 29, 0.23565501633836852, 70)
(47, 30, 0.23565501633836852, 70)
(47, 31, 0.23565501633836852, 70)
(47, 32, 0.23565501633836852, 70)
(48, 1, 0.21208951470453166, 70)
(48, 2, 0.21208951470453166, 70)
(48, 3, 0.21208951470453166, 70)
(48, 4, 0.21208951470453166, 70)
(48, 5, 0.21208951470453166, 70)
(48, 6, 0.21208951470453166, 70)
(48, 7, 0.21208951470453166, 70)
(48, 9, 0.21208951470453166, 70)
(48, 10, 0.21208951470453166, 70)
(48, 11, 0.21208951470453166, 70)
(48, 13, 0.21208951470453166, 70)
(48, 14, 0.21208951470453166, 70)
(48, 15, 0.21208951470453166, 70)
(48, 16, 0.21208951470453166, 70)
(48, 17, 0.21208951470453166, 70)
(48, 18, 0.21208951470453166, 70)
(48, 20, 0.21208951470453166, 70)
(48, 21, 0.21208951470453166, 70)
(48, 22, 0.21208951470453166, 70)
(48, 23, 0.21208951470453166, 70)
(48, 24, 0.21208951470453166, 70)
(48, 25, 0.21208951470453166, 70)
(48, 26, 0.21208951470453166, 70)
(48, 27, 0.21208951470453166, 70)
(48, 28, 0.21208951470453166, 70)
(48, 29, 0.21208951470453166, 70)
(48, 30, 0.21208951470453166, 70)
(48, 31, 0.21208951470453166, 70)
(48, 32, 0.21208951470453166, 70)
(48, 33, 0.21208951470453166, 70)
(49, 1, 0.1908805632340785, 70)
(49, 2, 0.1908805632340785, 70)
(49, 3, 0.1908805632340785, 70)
(49, 4, 0.1908805632340785, 70)
(49, 5, 0.1908805632340785, 70)
(49, 6, 0.1908805632340785, 70)
(49, 7, 0.1908805632340785, 70)
(49, 8, 0.1908805632340785, 70)
(49, 9, 0.1908805632340785, 70)
(49, 10, 0.1908805632340785, 70)
(49, 11, 0.1908805632340785, 70)
(49, 12, 0.1908805632340785, 70)
(49, 13, 0.1908805632340785, 70)
(49, 14, 0.1908805632340785, 70)
(49, 15, 0.1908805632340785, 70)
(49, 16, 0.1908805632340785, 70)
(49, 17, 0.1908805632340785, 70)
(49, 18, 0.1908805632340785, 70)
(49, 19, 0.1908805632340785, 70)
(49, 20, 0.1908805632340785, 70)
(49, 21, 0.1908805632340785, 70)
(49, 22, 0.1908805632340785, 70)
(49, 23, 0.1908805632340785, 70)
(49, 24, 0.1908805632340785, 70)
(49, 25, 0.1908805632340785, 70)
(49, 26, 0.1908805632340785, 70)
(49, 28, 0.1908805632340785, 70)
(49, 29, 0.1908805632340785, 70)
(49, 30, 0.1908805632340785, 70)
(49, 31, 0.1908805632340785, 70)
(50, 1, 0.17179250691067066, 70)
(50, 2, 0.17179250691067066, 70)
(50, 3, 0.17179250691067066, 70)
(50, 4, 0.17179250691067066, 70)
(50, 5, 0.17179250691067066, 70)
(50, 6, 0.17179250691067066, 70)
(50, 7, 0.17179250691067066, 70)
(50, 8, 0.17179250691067066, 70)
(50, 9, 0.17179250691067066, 70)
(50, 10, 0.17179250691067066, 70)
(50, 11, 0.17179250691067066, 70)
(50, 12, 0.17179250691067066, 70)
(50, 13, 0.17179250691067066, 70)
(50, 14, 0.17179250691067066, 70)
(50, 15, 0.17179250691067066, 70)
(50, 16, 0.17179250691067066, 70)
(50, 17, 0.17179250691067066, 70)
(50, 18, 0.17179250691067066, 70)
(50, 19, 0.17179250691067066, 70)
(50, 20, 0.17179250691067066, 70)
(50, 21, 0.17179250691067066, 70)
(50, 22, 0.17179250691067066, 70)
(50, 23, 0.17179250691067066, 70)
(50, 25, 0.17179250691067066, 70)
(50, 26, 0.17179250691067066, 70)
(50, 27, 0.17179250691067066, 70)
(50, 28, 0.17179250691067066, 70)
(50, 29, 0.17179250691067066, 70)
(50, 30, 0.17179250691067066, 70)
(50, 31, 0.17179250691067066, 70)
(51, 1, 0.1546132562196036, 70)
(51, 2, 0.1546132562196036, 70)
(51, 3, 0.1546132562196036, 70)
(51, 4, 0.1546132562196036, 70)
(51, 5, 0.1546132562196036, 70)
(51, 6, 0.1546132562196036, 70)
(51, 7, 0.1546132562196036, 70)
(51, 8, 0.1546132562196036, 70)
(51, 9, 0.1546132562196036, 70)
(51, 10, 0.1546132562196036, 70)
(51, 11, 0.1546132562196036, 70)
(51, 13, 0.1546132562196036, 70)
(51, 14, 0.1546132562196036, 70)
(51, 17, 0.1546132562196036, 70)
(51, 18, 0.1546132562196036, 70)
(51, 20, 0.1546132562196036, 70)
(51, 21, 0.1546132562196036, 70)
(51, 22, 0.1546132562196036, 70)
(51, 23, 0.1546132562196036, 70)
(51, 24, 0.1546132562196036, 70)
(51, 25, 0.1546132562196036, 70)
(51, 26, 0.1546132562196036, 70)
(51, 27, 0.1546132562196036, 70)
(51, 29, 0.1546132562196036, 70)
(51, 30, 0.1546132562196036, 70)
(51, 31, 0.1546132562196036, 70)
(51, 32, 0.1546132562196036, 70)
(51, 33, 0.1546132562196036, 70)
(51, 34, 0.1546132562196036, 70)
(51, 35, 0.1546132562196036, 70)
(52, 1, 0.13915193059764325, 70)
(52, 2, 0.13915193059764325, 70)
(52, 3, 0.13915193059764325, 70)
(52, 5, 0.13915193059764325, 70)
(52, 6, 0.13915193059764325, 70)
(52, 7, 0.13915193059764325, 70)
(52, 8, 0.13915193059764325, 70)
(52, 9, 0.13915193059764325, 70)
(52, 10, 0.13915193059764325, 70)
(52, 11, 0.13915193059764325, 70)
(52, 12, 0.13915193059764325, 70)
(52, 13, 0.13915193059764325, 70)
(52, 14, 0.13915193059764325, 70)
(52, 15, 0.13915193059764325, 70)
(52, 16, 0.13915193059764325, 70)
(52, 17, 0.13915193059764325, 70)
(52, 19, 0.13915193059764325, 70)
(52, 20, 0.13915193059764325, 70)
(52, 21, 0.13915193059764325, 70)
(52, 22, 0.13915193059764325, 70)
(52, 24, 0.13915193059764325, 70)
(52, 25, 0.13915193059764325, 70)
(52, 26, 0.13915193059764325, 70)
(52, 28, 0.13915193059764325, 70)
(52, 29, 0.13915193059764325, 70)
(52, 30, 0.13915193059764325, 70)
(52, 31, 0.13915193059764325, 70)
(52, 32, 0.13915193059764325, 70)
(52, 34, 0.13915193059764325, 70)
(52, 35, 0.13915193059764325, 70)
(53, 1, 0.12523673753787892, 70)
(53, 2, 0.12523673753787892, 70)
(53, 3, 0.12523673753787892, 70)
(53, 4, 0.12523673753787892, 70)
(53, 7, 0.12523673753787892, 70)
(53, 9, 0.12523673753787892, 70)
(53, 11, 0.12523673753787892, 70)
(53, 12, 0.12523673753787892, 70)
(53, 13, 0.12523673753787892, 70)
(53, 15, 0.12523673753787892, 70)
(53, 16, 0.12523673753787892, 70)
(53, 17, 0.12523673753787892, 70)
(53, 18, 0.12523673753787892, 70)
(53, 19, 0.12523673753787892, 70)
(53, 20, 0.12523673753787892, 70)
(53, 21, 0.12523673753787892, 70)
(53, 22, 0.12523673753787892, 70)
(53, 23, 0.12523673753787892, 70)
(53, 24, 0.12523673753787892, 70)
(53, 25, 0.12523673753787892, 70)
(53, 26, 0.12523673753787892, 70)
(53, 27, 0.12523673753787892, 70)
(53, 28, 0.12523673753787892, 70)
(53, 29, 0.12523673753787892, 70)
(53, 30, 0.12523673753787892, 70)
(53, 31, 0.12523673753787892, 70)
(53, 32, 0.12523673753787892, 70)
(53, 33, 0.12523673753787892, 70)
(53, 34, 0.12523673753787892, 70)
(53, 36, 0.12523673753787892, 70)
(54, 1, 0.11271306378409103, 69)
(54, 2, 0.11271306378409103, 69)
(54, 3, 0.11271306378409103, 69)
(54, 4, 0.11271306378409103, 69)
(54, 5, 0.11271306378409103, 69)
(54, 6, 0.11271306378409103, 69)
(54, 7, 0.11271306378409103, 69)
(54, 8, 0.11271306378409103, 69)
(54, 9, 0.11271306378409103, 69)
(54, 10, 0.11271306378409103, 69)
(54, 11, 0.11271306378409103, 69)
(54, 12, 0.11271306378409103, 69)
(54, 13, 0.11271306378409103, 69)
(54, 14, 0.11271306378409103, 69)
(54, 15, 0.11271306378409103, 69)
(54, 16, 0.11271306378409103, 69)
(54, 17, 0.11271306378409103, 69)
(54, 18, 0.11271306378409103, 69)
(54, 19, 0.11271306378409103, 69)
(54, 20, 0.11271306378409103, 69)
(54, 21, 0.11271306378409103, 69)
(54, 22, 0.11271306378409103, 69)
(54, 23, 0.11271306378409103, 69)
(54, 24, 0.11271306378409103, 69)
(54, 25, 0.11271306378409103, 69)
(54, 26, 0.11271306378409103, 69)
(54, 27, 0.11271306378409103, 69)
(54, 28, 0.11271306378409103, 69)
(54, 29, 0.11271306378409103, 69)
(54, 30, 0.11271306378409103, 69)
(55, 1, 0.10144175740568193, 69)
(55, 2, 0.10144175740568193, 69)
(55, 3, 0.10144175740568193, 69)
(55, 4, 0.10144175740568193, 69)
(55, 5, 0.10144175740568193, 69)
(55, 6, 0.10144175740568193, 69)
(55, 7, 0.10144175740568193, 69)
(55, 8, 0.10144175740568193, 69)
(55, 9, 0.10144175740568193, 69)
(55, 11, 0.10144175740568193, 69)
(55, 12, 0.10144175740568193, 69)
(55, 13, 0.10144175740568193, 69)
(55, 15, 0.10144175740568193, 69)
(55, 16, 0.10144175740568193, 69)
(55, 17, 0.10144175740568193, 69)
(55, 18, 0.10144175740568193, 69)
(55, 19, 0.10144175740568193, 69)
(55, 20, 0.10144175740568193, 69)
(55, 21, 0.10144175740568193, 69)
(55, 22, 0.10144175740568193, 69)
(55, 23, 0.10144175740568193, 69)
(55, 24, 0.10144175740568193, 69)
(55, 25, 0.10144175740568193, 69)
(55, 26, 0.10144175740568193, 69)
(55, 27, 0.10144175740568193, 69)
(55, 28, 0.10144175740568193, 69)
(55, 29, 0.10144175740568193, 69)
(55, 30, 0.10144175740568193, 69)
(55, 31, 0.10144175740568193, 69)
(55, 32, 0.10144175740568193, 69)
(56, 1, 0.09129758166511373, 69)
(56, 2, 0.09129758166511373, 69)
(56, 3, 0.09129758166511373, 69)
(56, 4, 0.09129758166511373, 69)
(56, 5, 0.09129758166511373, 69)
(56, 6, 0.09129758166511373, 69)
(56, 7, 0.09129758166511373, 69)
(56, 8, 0.09129758166511373, 69)
(56, 9, 0.09129758166511373, 69)
(56, 11, 0.09129758166511373, 69)
(56, 12, 0.09129758166511373, 69)
(56, 13, 0.09129758166511373, 69)
(56, 14, 0.09129758166511373, 69)
(56, 15, 0.09129758166511373, 69)
(56, 16, 0.09129758166511373, 69)
(56, 17, 0.09129758166511373, 69)
(56, 18, 0.09129758166511373, 69)
(56, 19, 0.09129758166511373, 69)
(56, 20, 0.09129758166511373, 69)
(56, 21, 0.09129758166511373, 69)
(56, 22, 0.09129758166511373, 69)
(56, 23, 0.09129758166511373, 69)
(56, 24, 0.09129758166511373, 69)
(56, 25, 0.09129758166511373, 69)
(56, 27, 0.09129758166511373, 69)
(56, 29, 0.09129758166511373, 69)
(56, 30, 0.09129758166511373, 69)
(56, 31, 0.09129758166511373, 69)
(56, 32, 0.09129758166511373, 69)
(56, 33, 0.09129758166511373, 69)
(57, 1, 0.08216782349860235, 69)
(57, 2, 0.08216782349860235, 69)
(57, 3, 0.08216782349860235, 69)
(57, 4, 0.08216782349860235, 69)
(57, 6, 0.08216782349860235, 69)
(57, 7, 0.08216782349860235, 69)
(57, 8, 0.08216782349860235, 69)
(57, 9, 0.08216782349860235, 69)
(57, 10, 0.08216782349860235, 69)
(57, 11, 0.08216782349860235, 69)
(57, 15, 0.08216782349860235, 69)
(57, 16, 0.08216782349860235, 69)
(57, 17, 0.08216782349860235, 69)
(57, 18, 0.08216782349860235, 69)
(57, 19, 0.08216782349860235, 69)
(57, 20, 0.08216782349860235, 69)
(57, 21, 0.08216782349860235, 69)
(57, 22, 0.08216782349860235, 69)
(57, 23, 0.08216782349860235, 69)
(57, 24, 0.08216782349860235, 69)
(57, 25, 0.08216782349860235, 69)
(57, 26, 0.08216782349860235, 69)
(57, 27, 0.08216782349860235, 69)
(57, 28, 0.08216782349860235, 69)
(57, 29, 0.08216782349860235, 69)
(57, 31, 0.08216782349860235, 69)
(57, 32, 0.08216782349860235, 69)
(57, 33, 0.08216782349860235, 69)
(57, 34, 0.08216782349860235, 69)
(57, 35, 0.08216782349860235, 69)
(58, 1, 0.07395104114874212, 69)
(58, 3, 0.07395104114874212, 69)
(58, 4, 0.07395104114874212, 69)
(58, 5, 0.07395104114874212, 69)
(58, 6, 0.07395104114874212, 69)
(58, 7, 0.07395104114874212, 69)
(58, 8, 0.07395104114874212, 69)
(58, 9, 0.07395104114874212, 69)
(58, 10, 0.07395104114874212, 69)
