100, 100, 30, 30, 0.9, 238
(1, 1, 30, 40)
(1, 2, 30, 40)
(1, 3, 30, 40)
(1, 4, 30, 40)
(1, 5, 30, 40)
(1, 6, 30, 40)
(1, 7, 30, 40)
(1, 8, 30, 40)
(1, 9, 30, 40)
(1, 10, 30, 37)
(1, 11, 30, 37)
(1, 12, 30, 29)
(1, 13, 30, 29)
(1, 14, 30, 29)
(1, 15, 30, 22)
(1, 17, 30, 19)
(1, 18, 30, 19)
(1, 19, 30, 19)
(1, 20, 30, 19)
(1, 21, 30, 22)
(1, 22, 30, 22)
(1, 23, 30, 22)
(1, 24, 30, 29)
(1, 25, 30, 39)
(1, 26, 30, 39)
(1, 27, 30, 39)
(1, 28, 30, 39)
(1, 29, 30, 39)
(1, 30, 30, 39)
(1, 31, 30, 29)
(2, 1, 27.0, 29)
(2, 2, 27.0, 32)
(2, 3, 27.0, 22)
(2, 4, 27.0, 22)
(2, 5, 27.0, 22)
(2, 6, 27.0, 32)
(2, 7, 27.0, 32)
(2, 8, 27.0, 32)
(2, 9, 27.0, 32)
(2, 10, 27.0, 32)
(2, 11, 27.0, 32)
(2, 12, 27.0, 32)
(2, 13, 27.0, 41)
(2, 14, 27.0, 41)
(2, 15, 27.0, 41)
(2, 16, 27.0, 32)
(2, 17, 27.0, 29)
(2, 18, 27.0, 29)
(2, 19, 27.0, 29)
(2, 20, 27.0, 32)
(2, 21, 27.0, 32)
(2, 22, 27.0, 24)
(2, 23, 27.0, 22)
(2, 24, 27.0, 11)
(2, 25, 27.0, 13)
(2, 26, 27.0, 15)
(2, 27, 27.0, 15)
(2, 28, 27.0, 15)
(2, 29, 27.0, 15)
(2, 30, 27.0, 15)
(3, 1, 24.3, 15)
(3, 2, 24.3, 15)
(3, 3, 24.3, 13)
(3, 4, 24.3, 13)
(3, 5, 24.3, 13)
(3, 6, 24.3, 13)
(3, 7, 24.3, 11)
(3, 8, 24.3, 11)
(3, 9, 24.3, 11)
(3, 11, 24.3, 11)
(3, 12, 24.3, 11)
(3, 13, 24.3, 11)
(3, 14, 24.3, 11)
(3, 15, 24.3, 11)
(3, 16, 24.3, 8)
(3, 17, 24.3, 8)
(3, 18, 24.3, 8)
(3, 19, 24.3, 11)
(3, 20, 24.3, 11)
(3, 22, 24.3, 11)
(3, 23, 24.3, 13)
(3, 24, 24.3, 13)
(3, 25, 24.3, 13)
(3, 26, 24.3, 15)
(3, 27, 24.3, 15)
(3, 30, 24.3, 15)
(3, 32, 24.3, 15)
(3, 33, 24.3, 13)
(3, 34, 24.3, 15)
(3, 35, 24.3, 13)
(4, 1, 21.87, 13)
(4, 2, 21.87, 13)
(4, 3, 21.87, 13)
(4, 4, 21.87, 13)
(4, 5, 21.87, 13)
(4, 6, 21.87, 15)
(4, 7, 21.87, 13)
(4, 8, 21.87, 24)
(4, 9, 21.87, 24)
(4, 10, 21.87, 24)
(4, 11, 21.87, 13)
(4, 12, 21.87, 11)
(4, 14, 21.87, 22)
(4, 15, 21.87, 22)
(4, 16, 21.87, 22)
(4, 17, 21.87, 22)
(4, 18, 21.87, 13)
(4, 19, 21.87, 13)
(4, 20, 21.87, 13)
(4, 21, 21.87, 9)
(4, 22, 21.87, 22)
(4, 23, 21.87, 22)
(4, 24, 21.87, 22)
(4, 25, 21.87, 22)
(4, 26, 21.87, 22)
(4, 27, 21.87, 27)
(4, 28, 21.87, 32)
(4, 29, 21.87, 32)
(4, 30, 21.87, 32)
(4, 31, 21.87, 32)
(5, 1, 19.683, 32)
(5, 3, 19.683, 32)
(5, 4, 19.683, 29)
(5, 5, 19.683, 29)
(5, 6, 19.683, 44)
(5, 7, 19.683, 41)
(5, 8, 19.683, 32)
(5, 9, 19.683, 32)
(5, 10, 19.683, 32)
(5, 11, 19.683, 32)
(5, 12, 19.683, 32)
(5, 13, 19.683, 32)
(5, 14, 19.683, 24)
(5, 15, 19.683, 24)
(5, 16, 19.683, 13)
(5, 17, 19.683, 13)
(5, 18, 19.683, 13)
(5, 19, 19.683, 13)
(5, 20, 19.683, 24)
(5, 21, 19.683, 13)
(5, 23, 19.683, 13)
(5, 24, 19.683, 13)
(5, 26, 19.683, 13)
(5, 27, 19.683, 13)
(5, 28, 19.683, 11)
(5, 29, 19.683, 11)
(5, 30, 19.683, 13)
(5, 31, 19.683, 13)
(5, 32, 19.683, 13)
(5, 33, 19.683, 13)
(6, 2, 17.7147, 13)
(6, 3, 17.7147, 13)
(6, 4, 17.7147, 13)
(6, 6, 17.7147, 11)
(6, 7, 17.7147, 11)
(6, 8, 17.7147, 11)
(6, 9, 17.7147, 11)
(6, 10, 17.7147, 11)
(6, 11, 17.7147, 13)
(6, 12, 17.7147, 11)
(6, 13, 17.7147, 11)
(6, 14, 17.7147, 11)
(6, 15, 17.7147, 11)
(6, 16, 17.7147, 22)
(6, 17, 17.7147, 22)
(6, 18, 17.7147, 22)
(6, 19, 17.7147, 13)
(6, 20, 17.7147, 13)
(6, 22, 17.7147, 24)
(6, 23, 17.7147, 25)
(6, 24, 17.7147, 25)
(6, 25, 17.7147, 25)
(6, 26, 17.7147, 24)
(6, 27, 17.7147, 24)
(6, 28, 17.7147, 24)
(6, 30, 17.7147, 24)
(6, 31, 17.7147, 32)
(6, 32, 17.7147, 32)
(6, 33, 17.7147, 32)
(6, 34, 17.7147, 32)
(7, 1, 15.943230000000002, 24)
(7, 2, 15.943230000000002, 25)
(7, 3, 15.943230000000002, 33)
(7, 4, 15.943230000000002, 41)
(7, 5, 15.943230000000002, 32)
(7, 6, 15.943230000000002, 32)
(7, 7, 15.943230000000002, 39)
(7, 8, 15.943230000000002, 29)
(7, 9, 15.943230000000002, 29)
(7, 10, 15.943230000000002, 22)
(7, 11, 15.943230000000002, 22)
(7, 12, 15.943230000000002, 22)
(7, 13, 15.943230000000002, 22)
(7, 15, 15.943230000000002, 22)
(7, 16, 15.943230000000002, 22)
(7, 17, 15.943230000000002, 13)
(7, 18, 15.943230000000002, 13)
(7, 19, 15.943230000000002, 13)
(7, 20, 15.943230000000002, 13)
(7, 21, 15.943230000000002, 13)
(7, 22, 15.943230000000002, 15)
(7, 23, 15.943230000000002, 15)
(7, 24, 15.943230000000002, 15)
(7, 25, 15.943230000000002, 15)
(7, 26, 15.943230000000002, 15)
(7, 27, 15.943230000000002, 15)
(7, 28, 15.943230000000002, 15)
(7, 29, 15.943230000000002, 15)
(7, 30, 15.943230000000002, 15)
(7, 31, 15.943230000000002, 15)
(8, 1, 14.348907000000002, 13)
(8, 2, 14.348907000000002, 13)
(8, 3, 14.348907000000002, 13)
(8, 4, 14.348907000000002, 13)
(8, 5, 14.348907000000002, 13)
(8, 6, 14.348907000000002, 13)
(8, 8, 14.348907000000002, 13)
(8, 9, 14.348907000000002, 13)
(8, 10, 14.348907000000002, 13)
(8, 13, 14.348907000000002, 13)
(8, 14, 14.348907000000002, 13)
(8, 17, 14.348907000000002, 13)
(8, 18, 14.348907000000002, 13)
(8, 19, 14.348907000000002, 11)
(8, 20, 14.348907000000002, 11)
(8, 21, 14.348907000000002, 11)
(8, 23, 14.348907000000002, 8)
(8, 24, 14.348907000000002, 19)
(8, 25, 14.348907000000002, 19)
(8, 26, 14.348907000000002, 29)
(8, 27, 14.348907000000002, 39)
(8, 28, 14.348907000000002, 41)
(8, 29, 14.348907000000002, 41)
(8, 30, 14.348907000000002, 41)
(8, 31, 14.348907000000002, 41)
(8, 32, 14.348907000000002, 33)
(8, 33, 14.348907000000002, 33)
(8, 34, 14.348907000000002, 33)
(8, 35, 14.348907000000002, 25)
(8, 36, 14.348907000000002, 25)
(9, 1, 12.914016300000002, 25)
(9, 2, 12.914016300000002, 15)
(9, 3, 12.914016300000002, 15)
(9, 4, 12.914016300000002, 15)
(9, 5, 12.914016300000002, 25)
(9, 6, 12.914016300000002, 24)
(9, 8, 12.914016300000002, 24)
(9, 9, 12.914016300000002, 33)
(9, 10, 12.914016300000002, 33)
(9, 11, 12.914016300000002, 33)
(9, 12, 12.914016300000002, 33)
(9, 13, 12.914016300000002, 33)
(9, 14, 12.914016300000002, 33)
(9, 15, 12.914016300000002, 25)
(9, 16, 12.914016300000002, 25)
(9, 17, 12.914016300000002, 25)
(9, 18, 12.914016300000002, 25)
(9, 19, 12.914016300000002, 25)
(9, 20, 12.914016300000002, 16)
(9, 21, 12.914016300000002, 16)
(9, 22, 12.914016300000002, 14)
(9, 23, 12.914016300000002, 14)
(9, 24, 12.914016300000002, 25)
(9, 25, 12.914016300000002, 25)
(9, 26, 12.914016300000002, 33)
(9, 27, 12.914016300000002, 33)
(9, 28, 12.914016300000002, 33)
(9, 29, 12.914016300000002, 33)
(9, 30, 12.914016300000002, 24)
(9, 31, 12.914016300000002, 24)
(10, 1, 11.622614670000003, 24)
(10, 2, 11.622614670000003, 13)
(10, 3, 11.622614670000003, 13)
(10, 4, 11.622614670000003, 13)
(10, 5, 11.622614670000003, 13)
(10, 6, 11.622614670000003, 13)
(10, 7, 11.622614670000003, 13)
(10, 8, 11.622614670000003, 13)
(10, 9, 11.622614670000003, 22)
(10, 10, 11.622614670000003, 22)
(10, 11, 11.622614670000003, 22)
(10, 12, 11.622614670000003, 11)
(10, 14, 11.622614670000003, 11)
(10, 15, 11.622614670000003, 11)
(10, 16, 11.622614670000003, 11)
(10, 17, 11.622614670000003, 11)
(10, 18, 11.622614670000003, 11)
(10, 19, 11.622614670000003, 11)
(10, 20, 11.622614670000003, 11)
(10, 22, 11.622614670000003, 19)
(10, 23, 11.622614670000003, 19)
(10, 24, 11.622614670000003, 8)
(10, 25, 11.622614670000003, 19)
(10, 26, 11.622614670000003, 19)
(10, 27, 11.622614670000003, 19)
(10, 29, 11.622614670000003, 8)
(10, 30, 11.622614670000003, 8)
(10, 31, 11.622614670000003, 8)
(10, 32, 11.622614670000003, 8)
(10, 33, 11.622614670000003, 8)
(11, 1, 10.460353203000002, 8)
(11, 2, 10.460353203000002, 8)
(11, 3, 10.460353203000002, 8)
(11, 4, 10.460353203000002, 8)
(11, 5, 10.460353203000002, 11)
(11, 6, 10.460353203000002, 19)
(11, 7, 10.460353203000002, 19)
(11, 8, 10.460353203000002, 29)
(11, 9, 10.460353203000002, 29)
(11, 10, 10.460353203000002, 29)
(11, 11, 10.460353203000002, 29)
(11, 12, 10.460353203000002, 29)
(11, 13, 10.460353203000002, 32)
(11, 14, 10.460353203000002, 32)
(11, 15, 10.460353203000002, 32)
(11, 17, 10.460353203000002, 39)
(11, 18, 10.460353203000002, 39)
(11, 19, 10.460353203000002, 39)
(11, 21, 10.460353203000002, 39)
(11, 22, 10.460353203000002, 39)
(11, 23, 10.460353203000002, 39)
(11, 24, 10.460353203000002, 41)
(11, 25, 10.460353203000002, 41)
(11, 26, 10.460353203000002, 32)
(11, 27, 10.460353203000002, 32)
(11, 28, 10.460353203000002, 33)
(11, 29, 10.460353203000002, 33)
(11, 30, 10.460353203000002, 33)
(11, 31, 10.460353203000002, 33)
(11, 32, 10.460353203000002, 32)
(12, 1, 9.414317882700002, 32)
(12, 2, 9.414317882700002, 32)
(12, 3, 9.414317882700002, 32)
(12, 4, 9.414317882700002, 32)
(12, 5, 9.414317882700002, 22)
(12, 6, 9.414317882700002, 22)
(12, 7, 9.414317882700002, 22)
(12, 8, 9.414317882700002, 22)
(12, 9, 9.414317882700002, 22)
(12, 10, 9.414317882700002, 22)
(12, 11, 9.414317882700002, 22)
(12, 12, 9.414317882700002, 22)
(12, 13, 9.414317882700002, 22)
(12, 14, 9.414317882700002, 22)
(12, 15, 9.414317882700002, 22)
(12, 16, 9.414317882700002, 22)
(12, 18, 9.414317882700002, 22)
(12, 19, 9.414317882700002, 32)
(12, 20, 9.414317882700002, 32)
(12, 21, 9.414317882700002, 32)
(12, 22, 9.414317882700002, 22)
(12, 23, 9.414317882700002, 24)
(12, 24, 9.414317882700002, 24)
(12, 25, 9.414317882700002, 24)
(12, 26, 9.414317882700002, 24)
(12, 27, 9.414317882700002, 24)
(12, 29, 9.414317882700002, 24)
(12, 30, 9.414317882700002, 15)
(12, 31, 9.414317882700002, 15)
(12, 32, 9.414317882700002, 15)
(13, 1, 8.472886094430002, 13)
(13, 2, 8.472886094430002, 11)
(13, 3, 8.472886094430002, 13)
(13, 4, 8.472886094430002, 11)
(13, 5, 8.472886094430002, 11)
(13, 6, 8.472886094430002, 11)
(13, 7, 8.472886094430002, 11)
(13, 8, 8.472886094430002, 11)
(13, 9, 8.472886094430002, 11)
(13, 11, 8.472886094430002, 13)
(13, 12, 8.472886094430002, 13)
(13, 14, 8.472886094430002, 13)
(13, 15, 8.472886094430002, 13)
(13, 16, 8.472886094430002, 13)
(13, 18, 8.472886094430002, 15)
(13, 20, 8.472886094430002, 15)
(13, 22, 8.472886094430002, 15)
(13, 24, 8.472886094430002, 15)
(13, 25, 8.472886094430002, 15)
(13, 26, 8.472886094430002, 13)
(13, 27, 8.472886094430002, 11)
(13, 28, 8.472886094430002, 11)
(13, 29, 8.472886094430002, 9)
(13, 30, 8.472886094430002, 9)
(13, 31, 8.472886094430002, 9)
(13, 32, 8.472886094430002, 9)
(13, 33, 8.472886094430002, 22)
(13, 34, 8.472886094430002, 22)
(13, 35, 8.472886094430002, 22)
(13, 36, 8.472886094430002, 22)
(14, 1, 7.6255974849870025, 22)
(14, 3, 7.6255974849870025, 22)
(14, 4, 7.6255974849870025, 22)
(14, 5, 7.6255974849870025, 13)
(14, 6, 7.6255974849870025, 13)
(14, 7, 7.6255974849870025, 13)
(14, 8, 7.6255974849870025, 13)
(14, 9, 7.6255974849870025, 13)
(14, 10, 7.6255974849870025, 13)
(14, 11, 7.6255974849870025, 15)
(14, 12, 7.6255974849870025, 15)
(14, 14, 7.6255974849870025, 15)
(14, 15, 7.6255974849870025, 15)
(14, 16, 7.6255974849870025, 15)
(14, 17, 7.6255974849870025, 15)
(14, 18, 7.6255974849870025, 15)
(14, 20, 7.6255974849870025, 13)
(14, 21, 7.6255974849870025, 13)
(14, 22, 7.6255974849870025, 15)
(14, 23, 7.6255974849870025, 15)
(14, 24, 7.6255974849870025, 15)
(14, 25, 7.6255974849870025, 15)
(14, 26, 7.6255974849870025, 15)
(14, 27, 7.6255974849870025, 15)
(14, 28, 7.6255974849870025, 15)
(14, 29, 7.6255974849870025, 15)
(14, 30, 7.6255974849870025, 15)
(14, 31, 7.6255974849870025, 15)
(14, 32, 7.6255974849870025, 15)
(14, 33, 7.6255974849870025, 15)
(15, 1, 6.863037736488303, 13)
(15, 2, 6.863037736488303, 13)
(15, 3, 6.863037736488303, 13)
(15, 5, 6.863037736488303, 13)
(15, 6, 6.863037736488303, 13)
(15, 7, 6.863037736488303, 13)
(15, 8, 6.863037736488303, 13)
(15, 9, 6.863037736488303, 13)
(15, 11, 6.863037736488303, 13)
(15, 12, 6.863037736488303, 13)
(15, 13, 6.863037736488303, 13)
(15, 15, 6.863037736488303, 13)
(15, 16, 6.863037736488303, 13)
(15, 18, 6.863037736488303, 13)
(15, 20, 6.863037736488303, 13)
(15, 21, 6.863037736488303, 13)
(15, 22, 6.863037736488303, 13)
(15, 25, 6.863037736488303, 13)
(15, 26, 6.863037736488303, 13)
(15, 27, 6.863037736488303, 15)
(15, 28, 6.863037736488303, 15)
(15, 29, 6.863037736488303, 13)
(15, 30, 6.863037736488303, 13)
(15, 31, 6.863037736488303, 13)
(15, 32, 6.863037736488303, 13)
(15, 33, 6.863037736488303, 13)
(15, 34, 6.863037736488303, 24)
(15, 35, 6.863037736488303, 24)
(15, 36, 6.863037736488303, 24)
(15, 37, 6.863037736488303, 13)
(16, 2, 6.176733962839473, 13)
(16, 3, 6.176733962839473, 13)
(16, 5, 6.176733962839473, 15)
(16, 6, 6.176733962839473, 15)
(16, 8, 6.176733962839473, 15)
(16, 11, 6.176733962839473, 15)
(16, 12, 6.176733962839473, 15)
(16, 13, 6.176733962839473, 15)
(16, 14, 6.176733962839473, 15)
(16, 15, 6.176733962839473, 16)
(16, 16, 6.176733962839473, 16)
(16, 17, 6.176733962839473, 16)
(16, 18, 6.176733962839473, 15)
(16, 20, 6.176733962839473, 16)
(16, 21, 6.176733962839473, 16)
(16, 22, 6.176733962839473, 16)
(16, 23, 6.176733962839473, 16)
(16, 24, 6.176733962839473, 25)
(16, 25, 6.176733962839473, 25)
(16, 26, 6.176733962839473, 25)
(16, 27, 6.176733962839473, 25)
(16, 28, 6.176733962839473, 25)
(16, 29, 6.176733962839473, 25)
(16, 30, 6.176733962839473, 25)
(16, 31, 6.176733962839473, 25)
(16, 32, 6.176733962839473, 25)
(16, 33, 6.176733962839473, 25)
(16, 34, 6.176733962839473, 25)
(16, 35, 6.176733962839473, 25)
(16, 36, 6.176733962839473, 25)
(17, 1, 5.559060566555526, 30)
(17, 2, 5.559060566555526, 30)
(17, 3, 5.559060566555526, 25)
(17, 4, 5.559060566555526, 25)
(17, 5, 5.559060566555526, 25)
(17, 6, 5.559060566555526, 25)
(17, 7, 5.559060566555526, 25)
(17, 8, 5.559060566555526, 25)
(17, 10, 5.559060566555526, 25)
(17, 11, 5.559060566555526, 24)
(17, 12, 5.559060566555526, 22)
(17, 13, 5.559060566555526, 22)
(17, 15, 5.559060566555526, 24)
(17, 16, 5.559060566555526, 24)
(17, 17, 5.559060566555526, 24)
(17, 19, 5.559060566555526, 25)
(17, 21, 5.559060566555526, 14)
(17, 22, 5.559060566555526, 14)
(17, 23, 5.559060566555526, 13)
(17, 24, 5.559060566555526, 13)
(17, 25, 5.559060566555526, 13)
(17, 26, 5.559060566555526, 13)
(17, 27, 5.559060566555526, 13)
(17, 28, 5.559060566555526, 13)
(17, 29, 5.559060566555526, 13)
(17, 30, 5.559060566555526, 13)
(17, 32, 5.559060566555526, 15)
(17, 33, 5.559060566555526, 15)
(17, 34, 5.559060566555526, 15)
(17, 35, 5.559060566555526, 15)
(18, 1, 5.003154509899973, 15)
(18, 2, 5.003154509899973, 15)
(18, 3, 5.003154509899973, 15)
(18, 4, 5.003154509899973, 15)
(18, 5, 5.003154509899973, 15)
(18, 7, 5.003154509899973, 15)
(18, 8, 5.003154509899973, 15)
(18, 9, 5.003154509899973, 15)
(18, 10, 5.003154509899973, 15)
(18, 11, 5.003154509899973, 16)
(18, 13, 5.003154509899973, 15)
(18, 14, 5.003154509899973, 13)
(18, 16, 5.003154509899973, 13)
(18, 17, 5.003154509899973, 13)
(18, 18, 5.003154509899973, 13)
(18, 19, 5.003154509899973, 13)
(18, 20, 5.003154509899973, 13)
(18, 21, 5.003154509899973, 11)
(18, 22, 5.003154509899973, 11)
(18, 23, 5.003154509899973, 11)
(18, 24, 5.003154509899973, 11)
(18, 25, 5.003154509899973, 11)
(18, 26, 5.003154509899973, 11)
(18, 28, 5.003154509899973, 11)
(18, 29, 5.003154509899973, 11)
(18, 30, 5.003154509899973, 11)
(18, 31, 5.003154509899973, 11)
(18, 32, 5.003154509899973, 11)
(18, 33, 5.003154509899973, 11)
(18, 34, 5.003154509899973, 11)
(19, 1, 4.502839058909976, 11)
(19, 2, 4.502839058909976, 11)
(19, 4, 4.502839058909976, 11)
(19, 5, 4.502839058909976, 11)
(19, 6, 4.502839058909976, 11)
(19, 7, 4.502839058909976, 11)
(19, 8, 4.502839058909976, 11)
(19, 9, 4.502839058909976, 11)
(19, 10, 4.502839058909976, 11)
(19, 11, 4.502839058909976, 11)
(19, 13, 4.502839058909976, 11)
(19, 14, 4.502839058909976, 11)
(19, 15, 4.502839058909976, 11)
(19, 16, 4.502839058909976, 11)
(19, 17, 4.502839058909976, 11)
(19, 18, 4.502839058909976, 11)
(19, 19, 4.502839058909976, 11)
(19, 20, 4.502839058909976, 11)
(19, 21, 4.502839058909976, 11)
(19, 22, 4.502839058909976, 11)
(19, 23, 4.502839058909976, 11)
(19, 25, 4.502839058909976, 11)
(19, 26, 4.502839058909976, 11)
(19, 27, 4.502839058909976, 11)
(19, 28, 4.502839058909976, 8)
(19, 29, 4.502839058909976, 8)
(19, 30, 4.502839058909976, 11)
(19, 31, 4.502839058909976, 11)
(19, 32, 4.502839058909976, 11)
(19, 34, 4.502839058909976, 11)
(20, 1, 4.052555153018979, 11)
(20, 2, 4.052555153018979, 11)
(20, 4, 4.052555153018979, 11)
(20, 5, 4.052555153018979, 11)
(20, 7, 4.052555153018979, 11)
(20, 9, 4.052555153018979, 13)
(20, 10, 4.052555153018979, 13)
(20, 12, 4.052555153018979, 13)
(20, 14, 4.052555153018979, 13)
(20, 15, 4.052555153018979, 13)
(20, 16, 4.052555153018979, 13)
(20, 18, 4.052555153018979, 13)
(20, 20, 4.052555153018979, 13)
(20, 22, 4.052555153018979, 13)
(20, 23, 4.052555153018979, 13)
(20, 24, 4.052555153018979, 13)
(20, 25, 4.052555153018979, 15)
(20, 26, 4.052555153018979, 15)
(20, 27, 4.052555153018979, 15)
(20, 28, 4.052555153018979, 13)
(20, 29, 4.052555153018979, 13)
(20, 30, 4.052555153018979, 13)
(20, 31, 4.052555153018979, 13)
(20, 32, 4.052555153018979, 13)
(20, 33, 4.052555153018979, 13)
(20, 34, 4.052555153018979, 11)
(20, 35, 4.052555153018979, 11)
(20, 36, 4.052555153018979, 13)
(20, 37, 4.052555153018979, 13)
(20, 38, 4.052555153018979, 13)
(21, 2, 3.6472996377170808, 13)
(21, 3, 3.6472996377170808, 13)
(21, 5, 3.6472996377170808, 13)
(21, 6, 3.6472996377170808, 13)
(21, 7, 3.6472996377170808, 13)
(21, 8, 3.6472996377170808, 13)
(21, 9, 3.6472996377170808, 15)
(21, 13, 3.6472996377170808, 15)
(21, 14, 3.6472996377170808, 15)
(21, 16, 3.6472996377170808, 15)
(21, 18, 3.6472996377170808, 15)
(21, 19, 3.6472996377170808, 13)
(21, 20, 3.6472996377170808, 11)
(21, 22, 3.6472996377170808, 11)
(21, 23, 3.6472996377170808, 11)
(21, 24, 3.6472996377170808, 11)
(21, 25, 3.6472996377170808, 11)
(21, 26, 3.6472996377170808, 13)
(21, 27, 3.6472996377170808, 13)
(21, 28, 3.6472996377170808, 13)
(21, 29, 3.6472996377170808, 13)
(21, 30, 3.6472996377170808, 13)
(21, 31, 3.6472996377170808, 13)
(21, 33, 3.6472996377170808, 13)
(21, 34, 3.6472996377170808, 13)
(21, 35, 3.6472996377170808, 15)
(21, 36, 3.6472996377170808, 15)
(21, 37, 3.6472996377170808, 15)
(21, 39, 3.6472996377170808, 13)
(21, 40, 3.6472996377170808, 13)
(22, 1, 3.282569673945373, 13)
(22, 2, 3.282569673945373, 13)
(22, 3, 3.282569673945373, 13)
(22, 4, 3.282569673945373, 13)
(22, 5, 3.282569673945373, 13)
(22, 6, 3.282569673945373, 13)
(22, 7, 3.282569673945373, 13)
(22, 9, 3.282569673945373, 14)
(22, 10, 3.282569673945373, 14)
(22, 11, 3.282569673945373, 14)
(22, 12, 3.282569673945373, 14)
(22, 13, 3.282569673945373, 14)
(22, 14, 3.282569673945373, 14)
(22, 16, 3.282569673945373, 14)
(22, 18, 3.282569673945373, 14)
(22, 19, 3.282569673945373, 14)
(22, 20, 3.282569673945373, 14)
(22, 21, 3.282569673945373, 14)
(22, 22, 3.282569673945373, 14)
(22, 23, 3.282569673945373, 14)
(22, 24, 3.282569673945373, 13)
(22, 26, 3.282569673945373, 13)
(22, 27, 3.282569673945373, 13)
(22, 28, 3.282569673945373, 13)
(22, 29, 3.282569673945373, 13)
(22, 30, 3.282569673945373, 13)
(22, 31, 3.282569673945373, 13)
(22, 32, 3.282569673945373, 13)
(22, 33, 3.282569673945373, 11)
(22, 34, 3.282569673945373, 13)
(23, 1, 2.954312706550836, 13)
(23, 3, 2.954312706550836, 13)
(23, 4, 2.954312706550836, 14)
(23, 5, 2.954312706550836, 14)
(23, 6, 2.954312706550836, 14)
(23, 7, 2.954312706550836, 14)
(23, 8, 2.954312706550836, 14)
(23, 9, 2.954312706550836, 14)
(23, 10, 2.954312706550836, 16)
(23, 11, 2.954312706550836, 16)
(23, 12, 2.954312706550836, 16)
(23, 13, 2.954312706550836, 16)
(23, 14, 2.954312706550836, 16)
(23, 15, 2.954312706550836, 16)
(23, 16, 2.954312706550836, 16)
(23, 17, 2.954312706550836, 16)
(23, 18, 2.954312706550836, 16)
(23, 19, 2.954312706550836, 16)
(23, 20, 2.954312706550836, 16)
(23, 21, 2.954312706550836, 16)
(23, 22, 2.954312706550836, 16)
(23, 24, 2.954312706550836, 16)
(23, 25, 2.954312706550836, 16)
(23, 26, 2.954312706550836, 16)
(23, 27, 2.954312706550836, 16)
(23, 28, 2.954312706550836, 16)
(23, 29, 2.954312706550836, 16)
(23, 30, 2.954312706550836, 16)
(23, 31, 2.954312706550836, 16)
(23, 32, 2.954312706550836, 16)
(24, 1, 2.6588814358957524, 16)
(24, 2, 2.6588814358957524, 16)
(24, 3, 2.6588814358957524, 15)
(24, 4, 2.6588814358957524, 15)
(24, 5, 2.6588814358957524, 13)
(24, 6, 2.6588814358957524, 13)
(24, 7, 2.6588814358957524, 11)
(24, 8, 2.6588814358957524, 11)
(24, 9, 2.6588814358957524, 6)
(24, 10, 2.6588814358957524, 6)
(24, 11, 2.6588814358957524, 6)
(24, 12, 2.6588814358957524, 8)
(24, 13, 2.6588814358957524, 8)
(24, 14, 2.6588814358957524, 8)
(24, 15, 2.6588814358957524, 8)
(24, 16, 2.6588814358957524, 8)
(24, 17, 2.6588814358957524, 8)
(24, 18, 2.6588814358957524, 8)
(24, 20, 2.6588814358957524, 8)
(24, 21, 2.6588814358957524, 8)
(24, 24, 2.6588814358957524, 8)
(24, 25, 2.6588814358957524, 8)
(24, 26, 2.6588814358957524, 8)
(24, 27, 2.6588814358957524, 8)
(24, 29, 2.6588814358957524, 8)
(24, 30, 2.6588814358957524, 8)
(24, 31, 2.6588814358957524, 8)
(24, 32, 2.6588814358957524, 8)
(24, 33, 2.6588814358957524, 8)
(24, 35, 2.6588814358957524, 8)
(25, 1, 2.392993292306177, 8)
(25, 2, 2.392993292306177, 8)
(25, 4, 2.392993292306177, 8)
(25, 6, 2.392993292306177, 8)
(25, 7, 2.392993292306177, 8)
(25, 8, 2.392993292306177, 6)
(25, 9, 2.392993292306177, 6)
(25, 10, 2.392993292306177, 6)
(25, 13, 2.392993292306177, 6)
(25, 14, 2.392993292306177, 6)
(25, 15, 2.392993292306177, 6)
(25, 16, 2.392993292306177, 6)
(25, 17, 2.392993292306177, 6)
(25, 19, 2.392993292306177, 6)
(25, 20, 2.392993292306177, 6)
(25, 21, 2.392993292306177, 6)
(25, 22, 2.392993292306177, 6)
(25, 24, 2.392993292306177, 6)
(25, 25, 2.392993292306177, 6)
(25, 26, 2.392993292306177, 6)
(25, 27, 2.392993292306177, 6)
(25, 28, 2.392993292306177, 6)
(25, 29, 2.392993292306177, 6)
(25, 31, 2.392993292306177, 6)
(25, 32, 2.392993292306177, 6)
(25, 35, 2.392993292306177, 6)
(25, 36, 2.392993292306177, 6)
(25, 37, 2.392993292306177, 6)
(25, 39, 2.392993292306177, 6)
(25, 40, 2.392993292306177, 6)
(26, 1, 2.1536939630755594, 6)
(26, 3, 2.1536939630755594, 6)
(26, 4, 2.1536939630755594, 6)
(26, 5, 2.1536939630755594, 6)
(26, 6, 2.1536939630755594, 6)
(26, 7, 2.1536939630755594, 6)
(26, 9, 2.1536939630755594, 11)
(26, 11, 2.1536939630755594, 11)
(26, 12, 2.1536939630755594, 11)
(26, 13, 2.1536939630755594, 11)
(26, 14, 2.1536939630755594, 11)
(26, 15, 2.1536939630755594, 11)
(26, 16, 2.1536939630755594, 11)
(26, 17, 2.1536939630755594, 11)
(26, 20, 2.1536939630755594, 11)
(26, 21, 2.1536939630755594, 11)
(26, 22, 2.1536939630755594, 11)
(26, 23, 2.1536939630755594, 11)
(26, 24, 2.1536939630755594, 11)
(26, 25, 2.1536939630755594, 13)
(26, 27, 2.1536939630755594, 13)
(26, 28, 2.1536939630755594, 13)
(26, 29, 2.1536939630755594, 13)
(26, 31, 2.1536939630755594, 13)
(26, 32, 2.1536939630755594, 13)
(26, 33, 2.1536939630755594, 13)
(26, 36, 2.1536939630755594, 13)
(26, 37, 2.1536939630755594, 13)
(26, 38, 2.1536939630755594, 13)
(26, 39, 2.1536939630755594, 13)
(27, 1, 1.9383245667680036, 13)
(27, 2, 1.9383245667680036, 13)
(27, 3, 1.9383245667680036, 13)
(27, 4, 1.9383245667680036, 13)
(27, 5, 1.9383245667680036, 11)
(27, 6, 1.9383245667680036, 11)
(27, 7, 1.9383245667680036, 11)
(27, 8, 1.9383245667680036, 11)
(27, 9, 1.9383245667680036, 11)
(27, 10, 1.9383245667680036, 11)
(27, 13, 1.9383245667680036, 11)
(27, 14, 1.9383245667680036, 11)
(27, 15, 1.9383245667680036, 8)
(27, 16, 1.9383245667680036, 11)
(27, 18, 1.9383245667680036, 11)
(27, 23, 1.9383245667680036, 11)
(27, 24, 1.9383245667680036, 11)
(27, 25, 1.9383245667680036, 11)
(27, 26, 1.9383245667680036, 13)
(27, 27, 1.9383245667680036, 13)
(27, 28, 1.9383245667680036, 13)
(27, 29, 1.9383245667680036, 13)
(27, 30, 1.9383245667680036, 13)
(27, 32, 1.9383245667680036, 13)
(27, 33, 1.9383245667680036, 13)
(27, 34, 1.9383245667680036, 13)
(27, 35, 1.9383245667680036, 13)
(27, 36, 1.9383245667680036, 13)
(27, 37, 1.9383245667680036, 13)
(27, 40, 1.9383245667680036, 13)
(28, 2, 1.7444921100912032, 13)
(28, 3, 1.7444921100912032, 15)
(28, 4, 1.7444921100912032, 15)
(28, 5, 1.7444921100912032, 15)
(28, 6, 1.7444921100912032, 15)
(28, 7, 1.7444921100912032, 15)
(28, 9, 1.7444921100912032, 13)
(28, 10, 1.7444921100912032, 13)
(28, 13, 1.7444921100912032, 13)
(28, 14, 1.7444921100912032, 13)
(28, 15, 1.7444921100912032, 11)
(28, 16, 1.7444921100912032, 11)
(28, 17, 1.7444921100912032, 11)
(28, 18, 1.7444921100912032, 11)
(28, 20, 1.7444921100912032, 11)
(28, 21, 1.7444921100912032, 11)
(28, 22, 1.7444921100912032, 11)
(28, 24, 1.7444921100912032, 11)
(28, 25, 1.7444921100912032, 11)
(28, 26, 1.7444921100912032, 11)
(28, 28, 1.7444921100912032, 11)
(28, 29, 1.7444921100912032, 11)
(28, 30, 1.7444921100912032, 11)
(28, 31, 1.7444921100912032, 11)
(28, 32, 1.7444921100912032, 11)
(28, 33, 1.7444921100912032, 11)
(28, 34, 1.7444921100912032, 11)
(28, 36, 1.7444921100912032, 11)
(28, 37, 1.7444921100912032, 11)
(28, 38, 1.7444921100912032, 11)
(29, 2, 1.570042899082083, 11)
(29, 4, 1.570042899082083, 13)
(29, 5, 1.570042899082083, 13)
(29, 6, 1.570042899082083, 13)
(29, 7, 1.570042899082083, 13)
(29, 8, 1.570042899082083, 13)
(29, 9, 1.570042899082083, 13)
(29, 10, 1.570042899082083, 11)
(29, 11, 1.570042899082083, 11)
(29, 12, 1.570042899082083, 11)
(29, 13, 1.570042899082083, 11)
(29, 14, 1.570042899082083, 11)
(29, 15, 1.570042899082083, 11)
(29, 16, 1.570042899082083, 11)
(29, 17, 1.570042899082083, 11)
(29, 18, 1.570042899082083, 11)
(29, 19, 1.570042899082083, 11)
(29, 20, 1.570042899082083, 11)
(29, 21, 1.570042899082083, 11)
(29, 23, 1.570042899082083, 11)
(29, 24, 1.570042899082083, 11)
(29, 26, 1.570042899082083, 8)
(29, 28, 1.570042899082083, 8)
(29, 32, 1.570042899082083, 8)
(29, 33, 1.570042899082083, 8)
(29, 34, 1.570042899082083, 8)
(29, 35, 1.570042899082083, 6)
(29, 36, 1.570042899082083, 6)
(29, 39, 1.570042899082083, 6)
(29, 40, 1.570042899082083, 6)
(30, 1, 1.4130386091738747, 6)
(30, 2, 1.4130386091738747, 6)
(30, 4, 1.4130386091738747, 6)
(30, 5, 1.4130386091738747, 6)
(30, 6, 1.4130386091738747, 6)
(30, 8, 1.4130386091738747, 6)
(30, 12, 1.4130386091738747, 6)
(30, 15, 1.4130386091738747, 6)
(30, 16, 1.4130386091738747, 6)
(30, 17, 1.4130386091738747, 6)
(30, 18, 1.4130386091738747, 6)
(30, 19, 1.4130386091738747, 6)
(30, 20, 1.4130386091738747, 4)
(30, 22, 1.4130386091738747, 4)
(30, 23, 1.4130386091738747, 4)
(30, 24, 1.4130386091738747, 4)
(30, 28, 1.4130386091738747, 4)
(30, 29, 1.4130386091738747, 4)
(30, 30, 1.4130386091738747, 4)
(30, 31, 1.4130386091738747, 4)
(30, 33, 1.4130386091738747, 4)
(30, 35, 1.4130386091738747, 4)
(30, 36, 1.4130386091738747, 4)
(30, 38, 1.4130386091738747, 4)
(30, 39, 1.4130386091738747, 4)
(30, 40, 1.4130386091738747, 4)
(30, 41, 1.4130386091738747, 4)
(30, 43, 1.4130386091738747, 4)
(30, 46, 1.4130386091738747, 4)
(30, 48, 1.4130386091738747, 4)
(31, 1, 1.2717347482564874, 4)
(31, 2, 1.2717347482564874, 4)
(31, 3, 1.2717347482564874, 4)
(31, 4, 1.2717347482564874, 4)
(31, 5, 1.2717347482564874, 4)
(31, 6, 1.2717347482564874, 4)
(31, 7, 1.2717347482564874, 4)
(31, 8, 1.2717347482564874, 4)
(31, 10, 1.2717347482564874, 4)
(31, 11, 1.2717347482564874, 4)
(31, 12, 1.2717347482564874, 4)
(31, 13, 1.2717347482564874, 4)
(31, 14, 1.2717347482564874, 4)
(31, 16, 1.2717347482564874, 4)
(31, 17, 1.2717347482564874, 4)
(31, 18, 1.2717347482564874, 4)
(31, 19, 1.2717347482564874, 4)
(31, 20, 1.2717347482564874, 4)
(31, 22, 1.2717347482564874, 4)
(31, 23, 1.2717347482564874, 4)
(31, 24, 1.2717347482564874, 4)
(31, 25, 1.2717347482564874, 4)
(31, 26, 1.2717347482564874, 4)
(31, 28, 1.2717347482564874, 4)
(31, 29, 1.2717347482564874, 4)
(31, 30, 1.2717347482564874, 4)
(31, 31, 1.2717347482564874, 4)
(31, 34, 1.2717347482564874, 4)
(31, 36, 1.2717347482564874, 4)
(31, 37, 1.2717347482564874, 4)
(32, 1, 1.1445612734308386, 4)
(32, 2, 1.1445612734308386, 4)
(32, 4, 1.1445612734308386, 4)
(32, 5, 1.1445612734308386, 4)
(32, 6, 1.1445612734308386, 4)
(32, 7, 1.1445612734308386, 4)
(32, 9, 1.1445612734308386, 4)
(32, 10, 1.1445612734308386, 4)
(32, 12, 1.1445612734308386, 4)
(32, 13, 1.1445612734308386, 4)
(32, 14, 1.1445612734308386, 4)
(32, 16, 1.1445612734308386, 6)
(32, 17, 1.1445612734308386, 6)
(32, 19, 1.1445612734308386, 6)
(32, 20, 1.1445612734308386, 6)
(32, 21, 1.1445612734308386, 6)
(32, 22, 1.1445612734308386, 6)
(32, 24, 1.1445612734308386, 6)
(32, 25, 1.1445612734308386, 6)
(32, 26, 1.1445612734308386, 6)
(32, 27, 1.1445612734308386, 6)
(32, 29, 1.1445612734308386, 6)
(32, 30, 1.1445612734308386, 6)
(32, 31, 1.1445612734308386, 6)
(32, 33, 1.1445612734308386, 6)
(32, 34, 1.1445612734308386, 6)
(32, 35, 1.1445612734308386, 6)
(32, 36, 1.1445612734308386, 6)
(32, 37, 1.1445612734308386, 6)
(32, 38, 1.1445612734308386, 6)
(33, 1, 1.0301051460877548, 6)
(33, 2, 1.0301051460877548, 6)
(33, 5, 1.0301051460877548, 8)
(33, 6, 1.0301051460877548, 8)
(33, 7, 1.0301051460877548, 8)
(33, 8, 1.0301051460877548, 8)
(33, 9, 1.0301051460877548, 8)
(33, 10, 1.0301051460877548, 8)
(33, 11, 1.0301051460877548, 8)
(33, 12, 1.0301051460877548, 8)
(33, 13, 1.0301051460877548, 8)
(33, 14, 1.0301051460877548, 6)
(33, 15, 1.0301051460877548, 6)
(33, 16, 1.0301051460877548, 6)
(33, 18, 1.0301051460877548, 6)
(33, 19, 1.0301051460877548, 6)
(33, 23, 1.0301051460877548, 6)
(33, 24, 1.0301051460877548, 6)
(33, 25, 1.0301051460877548, 6)
(33, 26, 1.0301051460877548, 6)
(33, 27, 1.0301051460877548, 6)
(33, 28, 1.0301051460877548, 6)
(33, 29, 1.0301051460877548, 6)
(33, 30, 1.0301051460877548, 6)
(33, 31, 1.0301051460877548, 6)
(33, 32, 1.0301051460877548, 6)
(33, 33, 1.0301051460877548, 6)
(33, 34, 1.0301051460877548, 6)
(33, 35, 1.0301051460877548, 8)
(33, 36, 1.0301051460877548, 8)
(34, 1, 0.9270946314789794, 8)
(34, 2, 0.9270946314789794, 8)
(34, 3, 0.9270946314789794, 8)
(34, 4, 0.9270946314789794, 8)
(34, 6, 0.9270946314789794, 8)
(34, 7, 0.9270946314789794, 8)
(34, 9, 0.9270946314789794, 8)
(34, 10, 0.9270946314789794, 8)
(34, 11, 0.9270946314789794, 8)
(34, 12, 0.9270946314789794, 8)
(34, 13, 0.9270946314789794, 8)
(34, 16, 0.9270946314789794, 8)
(34, 17, 0.9270946314789794, 8)
(34, 18, 0.9270946314789794, 8)
(34, 19, 0.9270946314789794, 8)
(34, 20, 0.9270946314789794, 8)
(34, 21, 0.9270946314789794, 8)
(34, 23, 0.9270946314789794, 8)
(34, 25, 0.9270946314789794, 8)
(34, 26, 0.9270946314789794, 8)
(34, 27, 0.9270946314789794, 8)
(34, 28, 0.9270946314789794, 8)
(34, 30, 0.9270946314789794, 8)
(34, 31, 0.9270946314789794, 6)
(34, 32, 0.9270946314789794, 6)
(34, 33, 0.9270946314789794, 6)
(34, 34, 0.9270946314789794, 6)
(34, 35, 0.9270946314789794, 6)
(34, 36, 0.9270946314789794, 6)
(34, 37, 0.9270946314789794, 6)
(35, 1, 0.8343851683310815, 6)
(35, 2, 0.8343851683310815, 6)
(35, 4, 0.8343851683310815, 6)
(35, 5, 0.8343851683310815, 6)
(35, 6, 0.8343851683310815, 6)
(35, 7, 0.8343851683310815, 6)
(35, 8, 0.8343851683310815, 6)
(35, 9, 0.8343851683310815, 6)
(35, 10, 0.8343851683310815, 6)
(35, 12, 0.8343851683310815, 6)
(35, 13, 0.8343851683310815, 6)
(35, 14, 0.8343851683310815, 6)
(35, 15, 0.8343851683310815, 6)
(35, 17, 0.8343851683310815, 6)
(35, 19, 0.8343851683310815, 6)
(35, 20, 0.8343851683310815, 6)
(35, 21, 0.8343851683310815, 6)
(35, 22, 0.8343851683310815, 6)
(35, 23, 0.8343851683310815, 6)
(35, 24, 0.8343851683310815, 6)
(35, 25, 0.8343851683310815, 6)
(35, 26, 0.8343851683310815, 6)
(35, 27, 0.8343851683310815, 6)
(35, 28, 0.8343851683310815, 6)
(35, 33, 0.8343851683310815, 6)
(35, 35, 0.8343851683310815, 6)
(35, 36, 0.8343851683310815, 6)
(35, 39, 0.8343851683310815, 6)
(35, 40, 0.8343851683310815, 6)
(35, 41, 0.8343851683310815, 6)
(36, 1, 0.7509466514979733, 6)
(36, 2, 0.7509466514979733, 6)
(36, 3, 0.7509466514979733, 6)
(36, 4, 0.7509466514979733, 6)
(36, 5, 0.7509466514979733, 6)
(36, 6, 0.7509466514979733, 6)
(36, 7, 0.7509466514979733, 6)
(36, 8, 0.7509466514979733, 6)
(36, 9, 0.7509466514979733, 6)
(36, 10, 0.7509466514979733, 6)
(36, 11, 0.7509466514979733, 6)
(36, 12, 0.7509466514979733, 6)
(36, 13, 0.7509466514979733, 6)
(36, 14, 0.7509466514979733, 6)
(36, 16, 0.7509466514979733, 6)
(36, 17, 0.7509466514979733, 6)
(36, 18, 0.7509466514979733, 6)
(36, 19, 0.7509466514979733, 6)
(36, 20, 0.7509466514979733, 6)
(36, 21, 0.7509466514979733, 6)
(36, 22, 0.7509466514979733, 6)
(36, 23, 0.7509466514979733, 6)
(36, 24, 0.7509466514979733, 6)
(36, 25, 0.7509466514979733, 6)
(36, 26, 0.7509466514979733, 6)
(36, 27, 0.7509466514979733, 6)
(36, 28, 0.7509466514979733, 6)
(36, 29, 0.7509466514979733, 6)
(36, 30, 0.7509466514979733, 6)
(36, 31, 0.7509466514979733, 6)
(37, 2, 0.675851986348176, 6)
(37, 3, 0.675851986348176, 6)
(37, 4, 0.675851986348176, 6)
(37, 5, 0.675851986348176, 6)
(37, 6, 0.675851986348176, 6)
(37, 8, 0.675851986348176, 6)
(37, 10, 0.675851986348176, 6)
(37, 11, 0.675851986348176, 6)
(37, 14, 0.675851986348176, 4)
(37, 15, 0.675851986348176, 4)
(37, 19, 0.675851986348176, 4)
(37, 20, 0.675851986348176, 4)
(37, 21, 0.675851986348176, 4)
(37, 22, 0.675851986348176, 4)
(37, 23, 0.675851986348176, 4)
(37, 24, 0.675851986348176, 4)
(37, 25, 0.675851986348176, 4)
(37, 26, 0.675851986348176, 4)
(37, 27, 0.675851986348176, 4)
(37, 31, 0.675851986348176, 4)
(37, 32, 0.675851986348176, 4)
(37, 33, 0.675851986348176, 4)
(37, 34, 0.675851986348176, 4)
(37, 35, 0.675851986348176, 4)
(37, 36, 0.675851986348176, 4)
(37, 37, 0.675851986348176, 4)
(37, 38, 0.675851986348176, 4)
(37, 42, 0.675851986348176, 4)
(37, 43, 0.675851986348176, 4)
(37, 44, 0.675851986348176, 4)
(38, 1, 0.6082667877133584, 4)
(38, 2, 0.6082667877133584, 4)
(38, 3, 0.6082667877133584, 4)
(38, 4, 0.6082667877133584, 4)
(38, 5, 0.6082667877133584, 4)
(38, 6, 0.6082667877133584, 4)
(38, 9, 0.6082667877133584, 4)
(38, 10, 0.6082667877133584, 4)
(38, 12, 0.6082667877133584, 4)
(38, 14, 0.6082667877133584, 4)
(38, 15, 0.6082667877133584, 4)
(38, 16, 0.6082667877133584, 4)
(38, 17, 0.6082667877133584, 4)
(38, 18, 0.6082667877133584, 4)
(38, 19, 0.6082667877133584, 4)
(38, 20, 0.6082667877133584, 4)
(38, 21, 0.6082667877133584, 4)
(38, 22, 0.6082667877133584, 4)
(38, 23, 0.6082667877133584, 4)
(38, 24, 0.6082667877133584, 4)
(38, 26, 0.6082667877133584, 4)
(38, 28, 0.6082667877133584, 4)
(38, 29, 0.6082667877133584, 4)
(38, 30, 0.6082667877133584, 4)
(38, 31, 0.6082667877133584, 4)
(38, 32, 0.6082667877133584, 4)
(38, 33, 0.6082667877133584, 4)
(38, 37, 0.6082667877133584, 4)
(38, 38, 0.6082667877133584, 4)
(38, 42, 0.6082667877133584, 4)
(39, 1, 0.5474401089420226, 4)
(39, 2, 0.5474401089420226, 4)
(39, 7, 0.5474401089420226, 4)
(39, 9, 0.5474401089420226, 4)
(39, 10, 0.5474401089420226, 4)
(39, 11, 0.5474401089420226, 4)
(39, 12, 0.5474401089420226, 4)
(39, 13, 0.5474401089420226, 4)
(39, 16, 0.5474401089420226, 4)
(39, 18, 0.5474401089420226, 4)
(39, 19, 0.5474401089420226, 4)
(39, 20, 0.5474401089420226, 4)
(39, 21, 0.5474401089420226, 4)
(39, 24, 0.5474401089420226, 4)
(39, 25, 0.5474401089420226, 4)
(39, 27, 0.5474401089420226, 4)
(39, 28, 0.5474401089420226, 4)
(39, 34, 0.5474401089420226, 4)
(39, 35, 0.5474401089420226, 4)
(39, 36, 0.5474401089420226, 4)
(39, 38, 0.5474401089420226, 4)
(39, 39, 0.5474401089420226, 4)
(39, 40, 0.5474401089420226, 4)
(39, 42, 0.5474401089420226, 4)
(39, 44, 0.5474401089420226, 4)
(39, 46, 0.5474401089420226, 4)
(39, 47, 0.5474401089420226, 4)
(39, 48, 0.5474401089420226, 4)
(39, 49, 0.5474401089420226, 4)
(39, 50, 0.5474401089420226, 4)
(40, 1, 0.49269609804782033, 4)
(40, 3, 0.49269609804782033, 4)
(40, 4, 0.49269609804782033, 4)
(40, 5, 0.49269609804782033, 4)
(40, 6, 0.49269609804782033, 4)
(40, 7, 0.49269609804782033, 4)
(40, 8, 0.49269609804782033, 4)
(40, 9, 0.49269609804782033, 4)
(40, 13, 0.49269609804782033, 4)
(40, 14, 0.49269609804782033, 4)
(40, 15, 0.49269609804782033, 4)
(40, 16, 0.49269609804782033, 4)
(40, 17, 0.49269609804782033, 4)
(40, 18, 0.49269609804782033, 4)
(40, 20, 0.49269609804782033, 4)
(40, 21, 0.49269609804782033, 4)
(40, 25, 0.49269609804782033, 4)
(40, 26, 0.49269609804782033, 4)
(40, 28, 0.49269609804782033, 4)
(40, 30, 0.49269609804782033, 4)
(40, 31, 0.49269609804782033, 4)
(40, 32, 0.49269609804782033, 4)
(40, 33, 0.49269609804782033, 4)
(40, 34, 0.49269609804782033, 4)
(40, 36, 0.49269609804782033, 4)
(40, 37, 0.49269609804782033, 4)
(40, 38, 0.49269609804782033, 4)
(40, 39, 0.49269609804782033, 4)
(40, 40, 0.49269609804782033, 4)
(40, 47, 0.49269609804782033, 4)
(41, 1, 0.4434264882430383, 4)
(41, 2, 0.4434264882430383, 4)
(41, 3, 0.4434264882430383, 4)
(41, 4, 0.4434264882430383, 4)
(41, 5, 0.4434264882430383, 4)
(41, 6, 0.4434264882430383, 4)
(41, 9, 0.4434264882430383, 4)
(41, 10, 0.4434264882430383, 4)
(41, 13, 0.4434264882430383, 4)
(41, 14, 0.4434264882430383, 4)
(41, 15, 0.4434264882430383, 4)
(41, 16, 0.4434264882430383, 4)
(41, 18, 0.4434264882430383, 4)
(41, 21, 0.4434264882430383, 4)
(41, 22, 0.4434264882430383, 4)
(41, 24, 0.4434264882430383, 4)
(41, 25, 0.4434264882430383, 4)
(41, 27, 0.4434264882430383, 4)
(41, 29, 0.4434264882430383, 4)
(41, 30, 0.4434264882430383, 4)
(41, 31, 0.4434264882430383, 4)
(41, 32, 0.4434264882430383, 4)
(41, 33, 0.4434264882430383, 4)
(41, 34, 0.4434264882430383, 4)
(41, 35, 0.4434264882430383, 4)
(41, 36, 0.4434264882430383, 4)
(41, 37, 0.4434264882430383, 4)
(41, 38, 0.4434264882430383, 4)
(41, 39, 0.4434264882430383, 4)
(41, 41, 0.4434264882430383, 4)
(42, 1, 0.3990838394187345, 4)
(42, 2, 0.3990838394187345, 4)
(42, 3, 0.3990838394187345, 4)
(42, 4, 0.3990838394187345, 4)
(42, 5, 0.3990838394187345, 4)
(42, 6, 0.3990838394187345, 0)
(42, 11, 0.3990838394187345, 0)
(42, 16, 0.3990838394187345, 0)
(42, 17, 0.3990838394187345, 0)
(42, 18, 0.3990838394187345, 0)
(42, 21, 0.3990838394187345, 0)
(42, 22, 0.3990838394187345, 0)
(42, 23, 0.3990838394187345, 0)
(42, 25, 0.3990838394187345, 0)
(42, 27, 0.3990838394187345, 0)
(42, 28, 0.3990838394187345, 0)
(42, 30, 0.3990838394187345, 0)
(42, 31, 0.3990838394187345, 0)
(42, 32, 0.3990838394187345, 0)
(42, 33, 0.3990838394187345, 0)
(42, 34, 0.3990838394187345, 0)
(42, 36, 0.3990838394187345, 0)
(42, 38, 0.3990838394187345, 0)
(42, 39, 0.3990838394187345, 0)
(42, 40, 0.3990838394187345, 0)
(42, 41, 0.3990838394187345, 0)
(42, 42, 0.3990838394187345, 0)
(42, 43, 0.3990838394187345, 0)
(42, 44, 0.3990838394187345, 0)
(42, 45, 0.3990838394187345, 0)
(43, 1, 0.359175455476861, 0)
(43, 3, 0.359175455476861, 0)
(43, 6, 0.359175455476861, 0)
(43, 8, 0.359175455476861, 0)
(43, 10, 0.359175455476861, 0)
(43, 11, 0.359175455476861, 0)
(43, 12, 0.359175455476861, 0)
(43, 13, 0.359175455476861, 0)
(43, 14, 0.359175455476861, 0)
(43, 16, 0.359175455476861, 0)
(43, 17, 0.359175455476861, 0)
(43, 19, 0.359175455476861, 0)
(43, 21, 0.359175455476861, 0)
(43, 22, 0.359175455476861, 0)
(43, 23, 0.359175455476861, 0)
(43, 26, 0.359175455476861, 0)
(43, 28, 0.359175455476861, 0)
(43, 30, 0.359175455476861, 0)
(43, 32, 0.359175455476861, 0)
(43, 36, 0.359175455476861, 0)
(43, 37, 0.359175455476861, 0)
(43, 38, 0.359175455476861, 0)
(43, 39, 0.359175455476861, 0)
(43, 40, 0.359175455476861, 0)
(43, 41, 0.359175455476861, 0)
(43, 44, 0.359175455476861, 0)
(43, 45, 0.359175455476861, 0)
(43, 46, 0.359175455476861, 0)
(43, 47, 0.359175455476861, 0)
(43, 48, 0.359175455476861, 0)
(44, 2, 0.3232579099291749, 0)
(44, 3, 0.3232579099291749, 0)
(44, 4, 0.3232579099291749, 0)
(44, 5, 0.3232579099291749, 0)
(44, 6, 0.3232579099291749, 0)
(44, 7, 0.3232579099291749, 0)
(44, 9, 0.3232579099291749, 0)
(44, 11, 0.3232579099291749, 0)
(44, 13, 0.3232579099291749, 0)
(44, 14, 0.3232579099291749, 0)
(44, 15, 0.3232579099291749, 0)
(44, 17, 0.3232579099291749, 0)
(44, 19, 0.3232579099291749, 0)
(44, 20, 0.3232579099291749, 0)
(44, 21, 0.3232579099291749, 0)
(44, 22, 0.3232579099291749, 0)
(44, 23, 0.3232579099291749, 0)
(44, 24, 0.3232579099291749, 0)
(44, 25, 0.3232579099291749, 0)
(44, 26, 0.3232579099291749, 0)
(44, 27, 0.3232579099291749, 0)
(44, 28, 0.3232579099291749, 0)
(44, 30, 0.3232579099291749, 0)
(44, 31, 0.3232579099291749, 0)
(44, 32, 0.3232579099291749, 0)
(44, 37, 0.3232579099291749, 0)
(44, 38, 0.3232579099291749, 0)
(44, 39, 0.3232579099291749, 0)
(44, 40, 0.3232579099291749, 0)
(44, 41, 0.3232579099291749, 0)
(45, 1, 0.2909321189362574, 0)
(45, 3, 0.2909321189362574, 0)
(45, 4, 0.2909321189362574, 0)
(45, 5, 0.2909321189362574, 0)
(45, 7, 0.2909321189362574, 0)
(45, 8, 0.2909321189362574, 0)
(45, 9, 0.2909321189362574, 0)
(45, 12, 0.2909321189362574, 0)
(45, 15, 0.2909321189362574, 0)
(45, 16, 0.2909321189362574, 0)
(45, 17, 0.2909321189362574, 0)
(45, 18, 0.2909321189362574, 0)
(45, 19, 0.2909321189362574, 0)
(45, 20, 0.2909321189362574, 0)
(45, 21, 0.2909321189362574, 0)
(45, 22, 0.2909321189362574, 0)
(45, 23, 0.2909321189362574, 0)
(45, 25, 0.2909321189362574, 0)
(45, 26, 0.2909321189362574, 0)
(45, 28, 0.2909321189362574, 0)
(45, 29, 0.2909321189362574, 0)
(45, 30, 0.2909321189362574, 0)
(45, 31, 0.2909321189362574, 0)
(45, 34, 0.2909321189362574, 0)
(45, 35, 0.2909321189362574, 0)
(45, 36, 0.2909321189362574, 0)
(45, 38, 0.2909321189362574, 0)
(45, 39, 0.2909321189362574, 0)
(45, 41, 0.2909321189362574, 0)
(45, 42, 0.2909321189362574, 0)
(46, 4, 0.2618389070426317, 0)
(46, 5, 0.2618389070426317, 0)
(46, 9, 0.2618389070426317, 0)
(46, 11, 0.2618389070426317, 0)
(46, 14, 0.2618389070426317, 0)
(46, 15, 0.2618389070426317, 0)
(46, 17, 0.2618389070426317, 0)
(46, 19, 0.2618389070426317, 0)
(46, 20, 0.2618389070426317, 0)
(46, 21, 0.2618389070426317, 0)
(46, 22, 0.2618389070426317, 0)
(46, 23, 0.2618389070426317, 0)
(46, 24, 0.2618389070426317, 0)
(46, 25, 0.2618389070426317, 0)
(46, 26, 0.2618389070426317, 0)
(46, 28, 0.2618389070426317, 0)
(46, 31, 0.2618389070426317, 0)
(46, 32, 0.2618389070426317, 0)
(46, 34, 0.2618389070426317, 0)
(46, 37, 0.2618389070426317, 0)
(46, 38, 0.2618389070426317, 0)
(46, 39, 0.2618389070426317, 0)
(46, 41, 0.2618389070426317, 0)
(46, 44, 0.2618389070426317, 0)
(46, 45, 0.2618389070426317, 0)
(46, 46, 0.2618389070426317, 0)
(46, 49, 0.2618389070426317, 0)
(46, 50, 0.2618389070426317, 0)
(46, 51, 0.2618389070426317, 0)
(46, 52, 0.2618389070426317, 0)
(47, 3, 0.23565501633836852, 0)
(47, 5, 0.23565501633836852, 0)
(47, 6, 0.23565501633836852, 0)
(47, 7, 0.23565501633836852, 0)
(47, 8, 0.23565501633836852, 0)
(47, 9, 0.23565501633836852, 0)
(47, 10, 0.23565501633836852, 0)
(47, 13, 0.23565501633836852, 0)
(47, 15, 0.23565501633836852, 0)
(47, 16, 0.23565501633836852, 0)
(47, 18, 0.23565501633836852, 0)
(47, 19, 0.23565501633836852, 0)
(47, 20, 0.23565501633836852, 0)
(47, 21, 0.23565501633836852, 0)
(47, 23, 0.23565501633836852, 0)
(47, 24, 0.23565501633836852, 0)
(47, 25, 0.23565501633836852, 0)
(47, 26, 0.23565501633836852, 0)
(47, 27, 0.23565501633836852, 0)
(47, 28, 0.23565501633836852, 0)
(47, 29, 0.23565501633836852, 0)
(47, 30, 0.23565501633836852, 0)
(47, 31, 0.23565501633836852, 0)
(47, 34, 0.23565501633836852, 0)
(47, 35, 0.23565501633836852, 0)
(47, 37, 0.23565501633836852, 0)
(47, 39, 0.23565501633836852, 0)
(47, 41, 0.23565501633836852, 0)
(47, 42, 0.23565501633836852, 0)
(47, 43, 0.23565501633836852, 0)
(48, 1, 0.21208951470453166, 0)
(48, 2, 0.21208951470453166, 0)
(48, 6, 0.21208951470453166, 0)
(48, 7, 0.21208951470453166, 0)
(48, 8, 0.21208951470453166, 0)
(48, 9, 0.21208951470453166, 0)
(48, 10, 0.21208951470453166, 0)
(48, 14, 0.21208951470453166, 0)
(48, 16, 0.21208951470453166, 0)
(48, 17, 0.21208951470453166, 0)
(48, 20, 0.21208951470453166, 0)
(48, 22, 0.21208951470453166, 0)
(48, 24, 0.21208951470453166, 0)
(48, 25, 0.21208951470453166, 0)
(48, 26, 0.21208951470453166, 0)
(48, 27, 0.21208951470453166, 0)
(48, 28, 0.21208951470453166, 0)
(48, 30, 0.21208951470453166, 0)
(48, 31, 0.21208951470453166, 0)
(48, 33, 0.21208951470453166, 0)
(48, 34, 0.21208951470453166, 0)
(48, 37, 0.21208951470453166, 0)
(48, 38, 0.21208951470453166, 0)
(48, 39, 0.21208951470453166, 0)
(48, 40, 0.21208951470453166, 0)
(48, 41, 0.21208951470453166, 0)
(48, 42, 0.21208951470453166, 0)
(48, 44, 0.21208951470453166, 0)
(48, 49, 0.21208951470453166, 0)
(48, 50, 0.21208951470453166, 0)
(49, 1, 0.1908805632340785, 0)
(49, 2, 0.1908805632340785, 0)
(49, 3, 0.1908805632340785, 0)
(49, 4, 0.1908805632340785, 0)
(49, 5, 0.1908805632340785, 0)
(49, 6, 0.1908805632340785, 0)
(49, 7, 0.1908805632340785, 0)
(49, 8, 0.1908805632340785, 0)
(49, 9, 0.1908805632340785, 0)
(49, 12, 0.1908805632340785, 0)
(49, 14, 0.1908805632340785, 0)
(49, 15, 0.1908805632340785, 0)
(49, 16, 0.1908805632340785, 0)
(49, 17, 0.1908805632340785, 0)
(49, 20, 0.1908805632340785, 0)
(49, 23, 0.1908805632340785, 0)
(49, 24, 0.1908805632340785, 0)
(49, 25, 0.1908805632340785, 0)
(49, 26, 0.1908805632340785, 0)
(49, 27, 0.1908805632340785, 0)
(49, 28, 0.1908805632340785, 0)
(49, 32, 0.1908805632340785, 0)
(49, 33, 0.1908805632340785, 0)
(49, 34, 0.1908805632340785, 0)
(49, 35, 0.1908805632340785, 0)
(49, 40, 0.1908805632340785, 0)
(49, 41, 0.1908805632340785, 0)
(49, 42, 0.1908805632340785, 0)
(49, 43, 0.1908805632340785, 0)
(49, 44, 0.1908805632340785, 0)
(50, 1, 0.17179250691067066, 0)
(50, 2, 0.17179250691067066, 0)
(50, 3, 0.17179250691067066, 0)
(50, 4, 0.17179250691067066, 0)
(50, 5, 0.17179250691067066, 0)
(50, 6, 0.17179250691067066, 0)
(50, 7, 0.17179250691067066, 0)
(50, 9, 0.17179250691067066, 0)
(50, 10, 0.17179250691067066, 0)
(50, 12, 0.17179250691067066, 0)
(50, 13, 0.17179250691067066, 0)
(50, 14, 0.17179250691067066, 0)
(50, 15, 0.17179250691067066, 0)
(50, 16, 0.17179250691067066, 0)
(50, 17, 0.17179250691067066, 0)
(50, 18, 0.17179250691067066, 0)
(50, 20, 0.17179250691067066, 0)
(50, 21, 0.17179250691067066, 0)
(50, 22, 0.17179250691067066, 0)
(50, 23, 0.17179250691067066, 0)
(50, 25, 0.17179250691067066, 0)
(50, 26, 0.17179250691067066, 0)
(50, 28, 0.17179250691067066, 0)
(50, 30, 0.17179250691067066, 0)
(50, 32, 0.17179250691067066, 0)
(50, 33, 0.17179250691067066, 0)
(50, 34, 0.17179250691067066, 0)
(50, 37, 0.17179250691067066, 0)
(50, 38, 0.17179250691067066, 0)
(50, 39, 0.17179250691067066, 0)
(51, 2, 0.1546132562196036, 0)
(51, 3, 0.1546132562196036, 0)
(51, 4, 0.1546132562196036, 0)
(51, 5, 0.1546132562196036, 0)
(51, 6, 0.1546132562196036, 0)
(51, 7, 0.1546132562196036, 0)
(51, 9, 0.1546132562196036, 0)
(51, 10, 0.1546132562196036, 0)
(51, 11, 0.1546132562196036, 0)
(51, 14, 0.1546132562196036, 0)
(51, 15, 0.1546132562196036, 0)
(51, 16, 0.1546132562196036, 0)
(51, 17, 0.1546132562196036, 0)
(51, 21, 0.1546132562196036, 0)
(51, 22, 0.1546132562196036, 0)
(51, 23, 0.1546132562196036, 0)
(51, 26, 0.1546132562196036, 0)
(51, 27, 0.1546132562196036, 0)
(51, 28, 0.1546132562196036, 0)
(51, 29, 0.1546132562196036, 0)
(51, 30, 0.1546132562196036, 0)
(51, 31, 0.1546132562196036, 0)
(51, 34, 0.1546132562196036, 0)
(51, 35, 0.1546132562196036, 0)
(51, 36, 0.1546132562196036, 0)
(51, 37, 0.1546132562196036, 0)
(51, 38, 0.1546132562196036, 0)
(51, 41, 0.1546132562196036, 0)
(51, 42, 0.1546132562196036, 0)
(51, 45, 0.1546132562196036, 0)
(52, 1, 0.13915193059764325, 0)
(52, 2, 0.13915193059764325, 0)
(52, 3, 0.13915193059764325, 0)
(52, 4, 0.13915193059764325, 0)
(52, 8, 0.13915193059764325, 0)
(52, 9, 0.13915193059764325, 0)
(52, 10, 0.13915193059764325, 0)
(52, 13, 0.13915193059764325, 0)
(52, 14, 0.13915193059764325, 0)
(52, 15, 0.13915193059764325, 0)
(52, 16, 0.13915193059764325, 0)
(52, 17, 0.13915193059764325, 0)
(52, 18, 0.13915193059764325, 0)
(52, 19, 0.13915193059764325, 0)
(52, 21, 0.13915193059764325, 0)
(52, 23, 0.13915193059764325, 0)
(52, 24, 0.13915193059764325, 0)
(52, 25, 0.13915193059764325, 0)
(52, 26, 0.13915193059764325, 0)
(52, 28, 0.13915193059764325, 0)
(52, 29, 0.13915193059764325, 0)
(52, 30, 0.13915193059764325, 0)
(52, 32, 0.13915193059764325, 0)
(52, 34, 0.13915193059764325, 0)
(52, 35, 0.13915193059764325, 0)
(52, 36, 0.13915193059764325, 0)
(52, 37, 0.13915193059764325, 0)
(52, 38, 0.13915193059764325, 0)
(52, 41, 0.13915193059764325, 0)
(52, 42, 0.13915193059764325, 0)
(53, 1, 0.12523673753787892, 0)
(53, 2, 0.12523673753787892, 0)
(53, 3, 0.12523673753787892, 0)
(53, 4, 0.12523673753787892, 0)
(53, 5, 0.12523673753787892, 0)
(53, 6, 0.12523673753787892, 0)
(53, 7, 0.12523673753787892, 0)
(53, 8, 0.12523673753787892, 0)
(53, 9, 0.12523673753787892, 0)
(53, 10, 0.12523673753787892, 0)
(53, 11, 0.12523673753787892, 0)
(53, 12, 0.12523673753787892, 0)
(53, 13, 0.12523673753787892, 0)
(53, 14, 0.12523673753787892, 0)
(53, 18, 0.12523673753787892, 0)
(53, 19, 0.12523673753787892, 0)
(53, 20, 0.12523673753787892, 0)
(53, 22, 0.12523673753787892, 0)
(53, 23, 0.12523673753787892, 0)
(53, 24, 0.12523673753787892, 0)
(53, 26, 0.12523673753787892, 0)
(53, 27, 0.12523673753787892, 0)
(53, 31, 0.12523673753787892, 0)
(53, 32, 0.12523673753787892, 0)
(53, 33, 0.12523673753787892, 0)
(53, 35, 0.12523673753787892, 0)
(53, 36, 0.12523673753787892, 0)
(53, 40, 0.12523673753787892, 0)
(53, 41, 0.12523673753787892, 0)
(53, 43, 0.12523673753787892, 0)
(54, 2, 0.11271306378409103, 0)
(54, 3, 0.11271306378409103, 0)
(54, 4, 0.11271306378409103, 0)
(54, 5, 0.11271306378409103, 0)
(54, 6, 0.11271306378409103, 0)
(54, 7, 0.11271306378409103, 0)
(54, 8, 0.11271306378409103, 0)
(54, 9, 0.11271306378409103, 0)
(54, 10, 0.11271306378409103, 0)
(54, 11, 0.11271306378409103, 0)
(54, 12, 0.11271306378409103, 0)
(54, 13, 0.11271306378409103, 0)
(54, 14, 0.11271306378409103, 0)
(54, 15, 0.11271306378409103, 0)
(54, 17, 0.11271306378409103, 0)
(54, 22, 0.11271306378409103, 0)
(54, 25, 0.11271306378409103, 0)
(54, 26, 0.11271306378409103, 0)
(54, 27, 0.11271306378409103, 0)
(54, 29, 0.11271306378409103, 0)
(54, 30, 0.11271306378409103, 0)
(54, 31, 0.11271306378409103, 0)
(54, 32, 0.11271306378409103, 0)
(54, 34, 0.11271306378409103, 0)
(54, 36, 0.11271306378409103, 0)
(54, 37, 0.11271306378409103, 0)
(54, 38, 0.11271306378409103, 0)
(54, 39, 0.11271306378409103, 0)
(54, 40, 0.11271306378409103, 0)
(54, 42, 0.11271306378409103, 0)
(55, 1, 0.10144175740568193, 0)
(55, 4, 0.10144175740568193, 0)
(55, 5, 0.10144175740568193, 0)
(55, 8, 0.10144175740568193, 0)
(55, 9, 0.10144175740568193, 0)
(55, 10, 0.10144175740568193, 0)
(55, 11, 0.10144175740568193, 0)
(55, 13, 0.10144175740568193, 0)
(55, 14, 0.10144175740568193, 0)
(55, 15, 0.10144175740568193, 0)
(55, 16, 0.10144175740568193, 0)
(55, 17, 0.10144175740568193, 0)
(55, 19, 0.10144175740568193, 0)
(55, 20, 0.10144175740568193, 0)
(55, 21, 0.10144175740568193, 0)
(55, 23, 0.10144175740568193, 0)
(55, 24, 0.10144175740568193, 0)
(55, 25, 0.10144175740568193, 0)
(55, 26, 0.10144175740568193, 0)
(55, 27, 0.10144175740568193, 0)
(55, 31, 0.10144175740568193, 0)
(55, 32, 0.10144175740568193, 0)
(55, 33, 0.10144175740568193, 0)
(55, 34, 0.10144175740568193, 0)
(55, 36, 0.10144175740568193, 0)
(55, 38, 0.10144175740568193, 0)
(55, 39, 0.10144175740568193, 0)
(55, 40, 0.10144175740568193, 0)
(55, 41, 0.10144175740568193, 0)
(55, 42, 0.10144175740568193, 0)
(56, 5, 0.09129758166511373, 0)
(56, 6, 0.09129758166511373, 0)
(56, 7, 0.09129758166511373, 0)
(56, 8, 0.09129758166511373, 0)
(56, 10, 0.09129758166511373, 0)
(56, 11, 0.09129758166511373, 0)
(56, 12, 0.09129758166511373, 0)
(56, 13, 0.09129758166511373, 0)
(56, 15, 0.09129758166511373, 0)
(56, 16, 0.09129758166511373, 0)
(56, 17, 0.09129758166511373, 0)
(56, 20, 0.09129758166511373, 0)
(56, 21, 0.09129758166511373, 0)
(56, 22, 0.09129758166511373, 0)
(56, 23, 0.09129758166511373, 0)
(56, 24, 0.09129758166511373, 0)
(56, 25, 0.09129758166511373, 0)
(56, 26, 0.09129758166511373, 0)
(56, 28, 0.09129758166511373, 0)
(56, 29, 0.09129758166511373, 0)
(56, 30, 0.09129758166511373, 0)
(56, 33, 0.09129758166511373, 0)
(56, 34, 0.09129758166511373, 0)
(56, 36, 0.09129758166511373, 0)
(56, 37, 0.09129758166511373, 0)
(56, 38, 0.09129758166511373, 0)
(56, 39, 0.09129758166511373, 0)
(56, 41, 0.09129758166511373, 0)
(56, 42, 0.09129758166511373, 0)
(56, 43, 0.09129758166511373, 0)
(57, 1, 0.08216782349860235, 0)
(57, 2, 0.08216782349860235, 0)
(57, 3, 0.08216782349860235, 0)
(57, 5, 0.08216782349860235, 0)
(57, 6, 0.08216782349860235, 0)
(57, 7, 0.08216782349860235, 0)
(57, 8, 0.08216782349860235, 0)
(57, 9, 0.08216782349860235, 0)
(57, 10, 0.08216782349860235, 0)
(57, 11, 0.08216782349860235, 0)
(57, 13, 0.08216782349860235, 0)
(57, 15, 0.08216782349860235, 0)
(57, 17, 0.08216782349860235, 0)
(57, 19, 0.08216782349860235, 0)
(57, 21, 0.08216782349860235, 0)
(57, 22, 0.08216782349860235, 0)
(57, 25, 0.08216782349860235, 0)
(57, 26, 0.08216782349860235, 0)
(57, 27, 0.08216782349860235, 0)
(57, 28, 0.08216782349860235, 0)
(57, 29, 0.08216782349860235, 0)
(57, 30, 0.08216782349860235, 0)
(57, 31, 0.08216782349860235, 0)
(57, 34, 0.08216782349860235, 0)
(57, 35, 0.08216782349860235, 0)
(57, 36, 0.08216782349860235, 0)
(57, 37, 0.08216782349860235, 0)
(57, 38, 0.08216782349860235, 0)
(57, 41, 0.08216782349860235, 0)
(57, 42, 0.08216782349860235, 0)
(58, 3, 0.07395104114874212, 0)
(58, 5, 0.07395104114874212, 0)
(58, 7, 0.07395104114874212, 0)
(58, 8, 0.07395104114874212, 0)
(58, 9, 0.07395104114874212, 0)
(58, 10, 0.07395104114874212, 0)
(58, 11, 0.07395104114874212, 0)
(58, 14, 0.07395104114874212, 0)
(58, 15, 0.07395104114874212, 0)
(58, 16, 0.07395104114874212, 0)
(58, 18, 0.07395104114874212, 0)
(58, 22, 0.07395104114874212, 0)
(58, 24, 0.07395104114874212, 0)
(58, 25, 0.07395104114874212, 0)
(58, 26, 0.07395104114874212, 0)
(58, 27, 0.07395104114874212, 0)
(58, 28, 0.07395104114874212, 0)
(58, 29, 0.07395104114874212, 0)
(58, 34, 0.07395104114874212, 0)
(58, 35, 0.07395104114874212, 0)
(58, 37, 0.07395104114874212, 0)
(58, 38, 0.07395104114874212, 0)
(58, 42, 0.07395104114874212, 0)
(58, 43, 0.07395104114874212, 0)
(58, 45, 0.07395104114874212, 0)
(58, 46, 0.07395104114874212, 0)
(58, 47, 0.07395104114874212, 0)
(58, 48, 0.07395104114874212, 0)
(58, 50, 0.07395104114874212, 0)
(58, 52, 0.07395104114874212, 0)
(59, 1, 0.06655593703386792, 0)
(59, 5, 0.06655593703386792, 0)
(59, 6, 0.06655593703386792, 0)
(59, 7, 0.06655593703386792, 0)
(59, 8, 0.06655593703386792, 0)
(59, 11, 0.06655593703386792, 0)
(59, 12, 0.06655593703386792, 0)
(59, 15, 0.06655593703386792, 0)
(59, 17, 0.06655593703386792, 0)
(59, 18, 0.06655593703386792, 0)
(59, 19, 0.06655593703386792, 0)
(59, 21, 0.06655593703386792, 0)
(59, 22, 0.06655593703386792, 0)
(59, 25, 0.06655593703386792, 0)
(59, 28, 0.06655593703386792, 0)
(59, 29, 0.06655593703386792, 0)
(59, 30, 0.06655593703386792, 0)
(59, 32, 0.06655593703386792, 0)
(59, 33, 0.06655593703386792, 0)
(59, 34, 0.06655593703386792, 0)
(59, 35, 0.06655593703386792, 0)
(59, 36, 0.06655593703386792, 0)
(59, 37, 0.06655593703386792, 0)
(59, 38, 0.06655593703386792, 0)
(59, 41, 0.06655593703386792, 0)
(59, 42, 0.06655593703386792, 0)
(59, 44, 0.06655593703386792, 0)
(59, 45, 0.06655593703386792, 0)
(59, 46, 0.06655593703386792, 0)
(59, 47, 0.06655593703386792, 0)
(60, 1, 0.05990034333048113, 0)
(60, 2, 0.05990034333048113, 0)
(60, 3, 0.05990034333048113, 0)
(60, 5, 0.05990034333048113, 0)
(60, 6, 0.05990034333048113, 0)
(60, 10, 0.05990034333048113, 0)
(60, 12, 0.05990034333048113, 0)
(60, 18, 0.05990034333048113, 0)
(60, 20, 0.05990034333048113, 0)
(60, 21, 0.05990034333048113, 0)
(60, 22, 0.05990034333048113, 0)
(60, 23, 0.05990034333048113, 0)
(60, 26, 0.05990034333048113, 0)
(60, 27, 0.05990034333048113, 0)
(60, 28, 0.05990034333048113, 0)
(60, 30, 0.05990034333048113, 0)
(60, 32, 0.05990034333048113, 0)
(60, 33, 0.05990034333048113, 0)
(60, 34, 0.05990034333048113, 0)
(60, 35, 0.05990034333048113, 0)
(60, 36, 0.05990034333048113, 0)
(60, 40, 0.05990034333048113, 0)
(60, 41, 0.05990034333048113, 0)
(60, 43, 0.05990034333048113, 0)
(60, 44, 0.05990034333048113, 0)
(60, 45, 0.05990034333048113, 0)
(60, 46, 0.05990034333048113, 0)
(60, 48, 0.05990034333048113, 0)
(60, 50, 0.05990034333048113, 0)
(60, 51, 0.05990034333048113, 0)
(61, 1, 0.053910308997433015, 0)
(61, 3, 0.053910308997433015, 0)
(61, 4, 0.053910308997433015, 0)
(61, 5, 0.053910308997433015, 0)
(61, 6, 0.053910308997433015, 0)
(61, 8, 0.053910308997433015, 0)
(61, 10, 0.053910308997433015, 0)
(61, 11, 0.053910308997433015, 0)
(61, 13, 0.053910308997433015, 0)
(61, 16, 0.053910308997433015, 0)
(61, 19, 0.053910308997433015, 0)
(61, 21, 0.053910308997433015, 0)
(61, 22, 0.053910308997433015, 0)
(61, 24, 0.053910308997433015, 0)
(61, 25, 0.053910308997433015, 0)
(61, 26, 0.053910308997433015, 0)
(61, 28, 0.053910308997433015, 0)
(61, 29, 0.053910308997433015, 0)
(61, 31, 0.053910308997433015, 0)
(61, 33, 0.053910308997433015, 0)
(61, 34, 0.053910308997433015, 0)
(61, 35, 0.053910308997433015, 0)
(61, 36, 0.053910308997433015, 0)
(61, 38, 0.053910308997433015, 0)
(61, 40, 0.053910308997433015, 0)
(61, 41, 0.053910308997433015, 0)
(61, 43, 0.053910308997433015, 0)
(61, 45, 0.053910308997433015, 0)
(61, 47, 0.053910308997433015, 0)
(61, 48, 0.053910308997433015, 0)
(62, 1, 0.048519278097689716, 0)
(62, 2, 0.048519278097689716, 0)
(62, 3, 0.048519278097689716, 0)
(62, 8, 0.048519278097689716, 0)
(62, 9, 0.048519278097689716, 0)
(62, 12, 0.048519278097689716, 0)
(62, 15, 0.048519278097689716, 0)
(62, 16, 0.048519278097689716, 0)
(62, 17, 0.048519278097689716, 0)
(62, 19, 0.048519278097689716, 0)
(62, 20, 0.048519278097689716, 0)
(62, 21, 0.048519278097689716, 0)
(62, 22, 0.048519278097689716, 0)
(62, 23, 0.048519278097689716, 0)
(62, 24, 0.048519278097689716, 0)
(62, 25, 0.048519278097689716, 0)
(62, 27, 0.048519278097689716, 0)
(62, 28, 0.048519278097689716, 0)
(62, 30, 0.048519278097689716, 0)
(62, 32, 0.048519278097689716, 0)
(62, 33, 0.048519278097689716, 0)
(62, 35, 0.048519278097689716, 0)
(62, 36, 0.048519278097689716, 0)
(62, 37, 0.048519278097689716, 0)
(62, 38, 0.048519278097689716, 0)
(62, 40, 0.048519278097689716, 0)
(62, 42, 0.048519278097689716, 0)
(62, 46, 0.048519278097689716, 0)
(62, 47, 0.048519278097689716, 0)
(62, 48, 0.048519278097689716, 0)
(63, 1, 0.04366735028792074, 0)
(63, 2, 0.04366735028792074, 0)
(63, 5, 0.04366735028792074, 0)
(63, 6, 0.04366735028792074, 0)
(63, 7, 0.04366735028792074, 0)
(63, 10, 0.04366735028792074, 0)
(63, 12, 0.04366735028792074, 0)
(63, 13, 0.04366735028792074, 0)
(63, 14, 0.04366735028792074, 0)
(63, 15, 0.04366735028792074, 0)
(63, 17, 0.04366735028792074, 0)
(63, 18, 0.04366735028792074, 0)
(63, 19, 0.04366735028792074, 0)
(63, 20, 0.04366735028792074, 0)
(63, 21, 0.04366735028792074, 0)
(63, 25, 0.04366735028792074, 0)
(63, 27, 0.04366735028792074, 0)
(63, 30, 0.04366735028792074, 0)
(63, 33, 0.04366735028792074, 0)
(63, 34, 0.04366735028792074, 0)
(63, 35, 0.04366735028792074, 0)
(63, 36, 0.04366735028792074, 0)
(63, 38, 0.04366735028792074, 0)
(63, 40, 0.04366735028792074, 0)
(63, 41, 0.04366735028792074, 0)
(63, 42, 0.04366735028792074, 0)
(63, 43, 0.04366735028792074, 0)
(63, 44, 0.04366735028792074, 0)
(63, 45, 0.04366735028792074, 0)
(63, 46, 0.04366735028792074, 0)
(64, 1, 0.03930061525912867, 0)
(64, 3, 0.03930061525912867, 0)
(64, 4, 0.03930061525912867, 0)
(64, 5, 0.03930061525912867, 0)
(64, 7, 0.03930061525912867, 0)
(64, 8, 0.03930061525912867, 0)
(64, 10, 0.03930061525912867, 0)
(64, 12, 0.03930061525912867, 0)
(64, 13, 0.03930061525912867, 0)
(64, 14, 0.03930061525912867, 0)
(64, 15, 0.03930061525912867, 0)
(64, 17, 0.03930061525912867, 0)
(64, 19, 0.03930061525912867, 0)
(64, 20, 0.03930061525912867, 0)
(64, 21, 0.03930061525912867, 0)
(64, 22, 0.03930061525912867, 0)
(64, 24, 0.03930061525912867, 0)
(64, 25, 0.03930061525912867, 0)
(64, 27, 0.03930061525912867, 0)
(64, 30, 0.03930061525912867, 0)
(64, 31, 0.03930061525912867, 0)
(64, 32, 0.03930061525912867, 0)
(64, 33, 0.03930061525912867, 0)
(64, 34, 0.03930061525912867, 0)
(64, 36, 0.03930061525912867, 0)
(64, 37, 0.03930061525912867, 0)
(64, 43, 0.03930061525912867, 0)
(64, 44, 0.03930061525912867, 0)
(64, 47, 0.03930061525912867, 0)
(64, 48, 0.03930061525912867, 0)
(65, 1, 0.0353705537332158, 0)
(65, 2, 0.0353705537332158, 0)
(65, 3, 0.0353705537332158, 0)
(65, 4, 0.0353705537332158, 0)
(65, 6, 0.0353705537332158, 0)
(65, 7, 0.0353705537332158, 0)
(65, 10, 0.0353705537332158, 0)
(65, 11, 0.0353705537332158, 0)
(65, 12, 0.0353705537332158, 0)
(65, 13, 0.0353705537332158, 0)
(65, 14, 0.0353705537332158, 0)
(65, 17, 0.0353705537332158, 0)
(65, 18, 0.0353705537332158, 0)
(65, 19, 0.0353705537332158, 0)
(65, 21, 0.0353705537332158, 0)
(65, 23, 0.0353705537332158, 0)
(65, 24, 0.0353705537332158, 0)
(65, 27, 0.0353705537332158, 0)
(65, 28, 0.0353705537332158, 0)
(65, 30, 0.0353705537332158, 0)
(65, 31, 0.0353705537332158, 0)
(65, 32, 0.0353705537332158, 0)
(65, 34, 0.0353705537332158, 0)
(65, 35, 0.0353705537332158, 0)
(65, 36, 0.0353705537332158, 0)
(65, 38, 0.0353705537332158, 0)
(65, 40, 0.0353705537332158, 0)
(65, 41, 0.0353705537332158, 0)
(65, 42, 0.0353705537332158, 0)
(65, 44, 0.0353705537332158, 0)
(66, 1, 0.03183349835989422, 0)
(66, 2, 0.03183349835989422, 0)
(66, 3, 0.03183349835989422, 0)
(66, 6, 0.03183349835989422, 0)
(66, 8, 0.03183349835989422, 0)
(66, 9, 0.03183349835989422, 0)
(66, 10, 0.03183349835989422, 0)
(66, 11, 0.03183349835989422, 0)
(66, 13, 0.03183349835989422, 0)
(66, 16, 0.03183349835989422, 0)
(66, 18, 0.03183349835989422, 0)
(66, 20, 0.03183349835989422, 0)
(66, 21, 0.03183349835989422, 0)
(66, 22, 0.03183349835989422, 0)
(66, 23, 0.03183349835989422, 0)
(66, 25, 0.03183349835989422, 0)
(66, 26, 0.03183349835989422, 0)
(66, 27, 0.03183349835989422, 0)
(66, 28, 0.03183349835989422, 0)
(66, 29, 0.03183349835989422, 0)
(66, 30, 0.03183349835989422, 0)
(66, 31, 0.03183349835989422, 0)
(66, 32, 0.03183349835989422, 0)
(66, 33, 0.03183349835989422, 0)
(66, 34, 0.03183349835989422, 0)
(66, 38, 0.03183349835989422, 0)
(66, 39, 0.03183349835989422, 0)
(66, 40, 0.03183349835989422, 0)
(66, 41, 0.03183349835989422, 0)
(66, 42, 0.03183349835989422, 0)
(67, 4, 0.0286501485239048, 0)
(67, 7, 0.0286501485239048, 0)
(67, 9, 0.0286501485239048, 0)
(67, 11, 0.0286501485239048, 0)
(67, 13, 0.0286501485239048, 0)
(67, 14, 0.0286501485239048, 0)
(67, 15, 0.0286501485239048, 0)
(67, 16, 0.0286501485239048, 0)
(67, 17, 0.0286501485239048, 0)
(67, 20, 0.0286501485239048, 0)
(67, 22, 0.0286501485239048, 0)
(67, 23, 0.0286501485239048, 0)
(67, 25, 0.0286501485239048, 0)
(67, 26, 0.0286501485239048, 0)
(67, 27, 0.0286501485239048, 0)
(67, 29, 0.0286501485239048, 0)
(67, 30, 0.0286501485239048, 0)
(67, 31, 0.0286501485239048, 0)
(67, 33, 0.0286501485239048, 0)
(67, 34, 0.0286501485239048, 0)
(67, 35, 0.0286501485239048, 0)
(67, 36, 0.0286501485239048, 0)
(67, 38, 0.0286501485239048, 0)
(67, 39, 0.0286501485239048, 0)
(67, 41, 0.0286501485239048, 0)
(67, 42, 0.0286501485239048, 0)
(67, 44, 0.0286501485239048, 0)
(67, 45, 0.0286501485239048, 0)
(67, 46, 0.0286501485239048, 0)
(67, 47, 0.0286501485239048, 0)
(68, 1, 0.025785133671514318, 0)
(68, 2, 0.025785133671514318, 0)
(68, 3, 0.025785133671514318, 0)
(68, 4, 0.025785133671514318, 0)
(68, 6, 0.025785133671514318, 0)
(68, 7, 0.025785133671514318, 0)
(68, 8, 0.025785133671514318, 0)
(68, 9, 0.025785133671514318, 0)
(68, 10, 0.025785133671514318, 0)
(68, 12, 0.025785133671514318, 0)
(68, 13, 0.025785133671514318, 0)
(68, 14, 0.025785133671514318, 0)
(68, 15, 0.025785133671514318, 0)
(68, 16, 0.025785133671514318, 0)
(68, 18, 0.025785133671514318, 0)
(68, 19, 0.025785133671514318, 0)
(68, 20, 0.025785133671514318, 0)
(68, 21, 0.025785133671514318, 0)
(68, 22, 0.025785133671514318, 0)
(68, 23, 0.025785133671514318, 0)
(68, 25, 0.025785133671514318, 0)
(68, 28, 0.025785133671514318, 0)
(68, 29, 0.025785133671514318, 0)
(68, 31, 0.025785133671514318, 0)
(68, 32, 0.025785133671514318, 0)
(68, 33, 0.025785133671514318, 0)
(68, 34, 0.025785133671514318, 0)
(68, 35, 0.025785133671514318, 0)
(68, 36, 0.025785133671514318, 0)
(68, 39, 0.025785133671514318, 0)
(69, 1, 0.023206620304362886, 0)
(69, 2, 0.023206620304362886, 0)
(69, 3, 0.023206620304362886, 0)
(69, 4, 0.023206620304362886, 0)
(69, 6, 0.023206620304362886, 0)
(69, 8, 0.023206620304362886, 0)
(69, 9, 0.023206620304362886, 0)
(69, 10, 0.023206620304362886, 0)
(69, 11, 0.023206620304362886, 0)
(69, 12, 0.023206620304362886, 0)
(69, 15, 0.023206620304362886, 0)
(69, 16, 0.023206620304362886, 0)
(69, 17, 0.023206620304362886, 0)
(69, 19, 0.023206620304362886, 0)
(69, 20, 0.023206620304362886, 0)
(69, 21, 0.023206620304362886, 0)
(69, 22, 0.023206620304362886, 0)
(69, 23, 0.023206620304362886, 0)
(69, 25, 0.023206620304362886, 0)
(69, 27, 0.023206620304362886, 0)
(69, 28, 0.023206620304362886, 0)
(69, 30, 0.023206620304362886, 0)
(69, 32, 0.023206620304362886, 0)
(69, 36, 0.023206620304362886, 0)
(69, 37, 0.023206620304362886, 0)
(69, 39, 0.023206620304362886, 0)
(69, 43, 0.023206620304362886, 0)
(69, 45, 0.023206620304362886, 0)
(69, 46, 0.023206620304362886, 0)
(69, 48, 0.023206620304362886, 0)
(70, 2, 0.0208859582739266, 0)
(70, 3, 0.0208859582739266, 0)
(70, 4, 0.0208859582739266, 0)
(70, 6, 0.0208859582739266, 0)
(70, 7, 0.0208859582739266, 0)
(70, 8, 0.0208859582739266, 0)
(70, 9, 0.0208859582739266, 0)
(70, 11, 0.0208859582739266, 0)
(70, 12, 0.0208859582739266, 0)
(70, 15, 0.0208859582739266, 0)
(70, 18, 0.0208859582739266, 0)
(70, 19, 0.0208859582739266, 0)
(70, 20, 0.0208859582739266, 0)
(70, 21, 0.0208859582739266, 0)
(70, 24, 0.0208859582739266, 0)
(70, 25, 0.0208859582739266, 0)
(70, 26, 0.0208859582739266, 0)
(70, 27, 0.0208859582739266, 0)
(70, 30, 0.0208859582739266, 0)
(70, 31, 0.0208859582739266, 0)
(70, 32, 0.0208859582739266, 0)
(70, 33, 0.0208859582739266, 0)
(70, 35, 0.0208859582739266, 0)
(70, 36, 0.0208859582739266, 0)
(70, 37, 0.0208859582739266, 0)
(70, 38, 0.0208859582739266, 0)
(70, 39, 0.0208859582739266, 0)
(70, 40, 0.0208859582739266, 0)
(70, 41, 0.0208859582739266, 0)
(70, 42, 0.0208859582739266, 0)
(71, 1, 0.01879736244653394, 0)
(71, 2, 0.01879736244653394, 0)
(71, 4, 0.01879736244653394, 0)
(71, 6, 0.01879736244653394, 0)
(71, 10, 0.01879736244653394, 0)
(71, 13, 0.01879736244653394, 0)
(71, 14, 0.01879736244653394, 0)
(71, 16, 0.01879736244653394, 0)
(71, 17, 0.01879736244653394, 0)
(71, 18, 0.01879736244653394, 0)
(71, 19, 0.01879736244653394, 0)
(71, 20, 0.01879736244653394, 0)
(71, 21, 0.01879736244653394, 0)
(71, 22, 0.01879736244653394, 0)
(71, 25, 0.01879736244653394, 0)
(71, 27, 0.01879736244653394, 0)
(71, 28, 0.01879736244653394, 0)
(71, 29, 0.01879736244653394, 0)
(71, 30, 0.01879736244653394, 0)
(71, 31, 0.01879736244653394, 0)
(71, 32, 0.01879736244653394, 0)
(71, 33, 0.01879736244653394, 0)
(71, 34, 0.01879736244653394, 0)
(71, 35, 0.01879736244653394, 0)
(71, 36, 0.01879736244653394, 0)
(71, 37, 0.01879736244653394, 0)
(71, 39, 0.01879736244653394, 0)
(71, 40, 0.01879736244653394, 0)
(71, 41, 0.01879736244653394, 0)
(71, 44, 0.01879736244653394, 0)
(72, 1, 0.016917626201880545, 0)
(72, 2, 0.016917626201880545, 0)
(72, 3, 0.016917626201880545, 0)
(72, 4, 0.016917626201880545, 0)
(72, 5, 0.016917626201880545, 0)
(72, 6, 0.016917626201880545, 0)
(72, 7, 0.016917626201880545, 0)
(72, 8, 0.016917626201880545, 0)
(72, 9, 0.016917626201880545, 0)
(72, 10, 0.016917626201880545, 0)
(72, 11, 0.016917626201880545, 0)
(72, 12, 0.016917626201880545, 0)
(72, 13, 0.016917626201880545, 0)
(72, 17, 0.016917626201880545, 0)
(72, 19, 0.016917626201880545, 0)
(72, 20, 0.016917626201880545, 0)
(72, 21, 0.016917626201880545, 0)
(72, 24, 0.016917626201880545, 0)
(72, 25, 0.016917626201880545, 0)
(72, 26, 0.016917626201880545, 0)
(72, 27, 0.016917626201880545, 0)
(72, 28, 0.016917626201880545, 0)
(72, 29, 0.016917626201880545, 0)
(72, 30, 0.016917626201880545, 0)
(72, 31, 0.016917626201880545, 0)
(72, 32, 0.016917626201880545, 0)
(72, 34, 0.016917626201880545, 0)
(72, 35, 0.016917626201880545, 0)
(72, 36, 0.016917626201880545, 0)
(72, 38, 0.016917626201880545, 0)
(73, 2, 0.01522586358169249, 0)
(73, 3, 0.01522586358169249, 0)
(73, 4, 0.01522586358169249, 0)
(73, 5, 0.01522586358169249, 0)
(73, 6, 0.01522586358169249, 0)
(73, 7, 0.01522586358169249, 0)
(73, 8, 0.01522586358169249, 0)
(73, 9, 0.01522586358169249, 0)
(73, 11, 0.01522586358169249, 0)
(73, 12, 0.01522586358169249, 0)
(73, 13, 0.01522586358169249, 0)
(73, 14, 0.01522586358169249, 0)
(73, 16, 0.01522586358169249, 0)
(73, 17, 0.01522586358169249, 0)
(73, 18, 0.01522586358169249, 0)
(73, 20, 0.01522586358169249, 0)
(73, 23, 0.01522586358169249, 0)
(73, 24, 0.01522586358169249, 0)
(73, 26, 0.01522586358169249, 0)
(73, 27, 0.01522586358169249, 0)
(73, 28, 0.01522586358169249, 0)
(73, 30, 0.01522586358169249, 0)
(73, 31, 0.01522586358169249, 0)
(73, 32, 0.01522586358169249, 0)
(73, 34, 0.01522586358169249, 0)
(73, 35, 0.01522586358169249, 0)
(73, 39, 0.01522586358169249, 0)
(73, 40, 0.01522586358169249, 0)
(73, 42, 0.01522586358169249, 0)
(73, 43, 0.01522586358169249, 0)
(74, 2, 0.013703277223523241, 0)
(74, 4, 0.013703277223523241, 0)
(74, 6, 0.013703277223523241, 0)
(74, 7, 0.013703277223523241, 0)
(74, 8, 0.013703277223523241, 0)
(74, 9, 0.013703277223523241, 0)
(74, 10, 0.013703277223523241, 0)
(74, 11, 0.013703277223523241, 0)
(74, 12, 0.013703277223523241, 0)
(74, 15, 0.013703277223523241, 0)
(74, 20, 0.013703277223523241, 0)
(74, 21, 0.013703277223523241, 0)
(74, 22, 0.013703277223523241, 0)
(74, 23, 0.013703277223523241, 0)
(74, 24, 0.013703277223523241, 0)
(74, 25, 0.013703277223523241, 0)
(74, 26, 0.013703277223523241, 0)
(74, 28, 0.013703277223523241, 0)
(74, 29, 0.013703277223523241, 0)
(74, 30, 0.013703277223523241, 0)
(74, 31, 0.013703277223523241, 0)
(74, 32, 0.013703277223523241, 0)
(74, 33, 0.013703277223523241, 0)
(74, 34, 0.013703277223523241, 0)
(74, 35, 0.013703277223523241, 0)
(74, 36, 0.013703277223523241, 0)
(74, 37, 0.013703277223523241, 0)
(74, 38, 0.013703277223523241, 0)
(74, 39, 0.013703277223523241, 0)
(74, 40, 0.013703277223523241, 0)
(75, 1, 0.012332949501170918, 0)
(75, 3, 0.012332949501170918, 0)
(75, 4, 0.012332949501170918, 0)
(75, 5, 0.012332949501170918, 0)
(75, 6, 0.012332949501170918, 0)
(75, 9, 0.012332949501170918, 0)
(75, 10, 0.012332949501170918, 0)
(75, 12, 0.012332949501170918, 0)
(75, 13, 0.012332949501170918, 0)
(75, 16, 0.012332949501170918, 0)
(75, 18, 0.012332949501170918, 0)
(75, 19, 0.012332949501170918, 0)
(75, 20, 0.012332949501170918, 0)
(75, 21, 0.012332949501170918, 0)
(75, 22, 0.012332949501170918, 0)
(75, 24, 0.012332949501170918, 0)
(75, 25, 0.012332949501170918, 0)
(75, 26, 0.012332949501170918, 0)
(75, 27, 0.012332949501170918, 0)
(75, 28, 0.012332949501170918, 0)
(75, 29, 0.012332949501170918, 0)
(75, 30, 0.012332949501170918, 0)
(75, 31, 0.012332949501170918, 0)
(75, 32, 0.012332949501170918, 0)
(75, 33, 0.012332949501170918, 0)
(75, 34, 0.012332949501170918, 0)
(75, 35, 0.012332949501170918, 0)
(75, 36, 0.012332949501170918, 0)
(75, 37, 0.012332949501170918, 0)
(75, 40, 0.012332949501170918, 0)
(76, 1, 0.011099654551053826, 0)
(76, 2, 0.011099654551053826, 0)
(76, 3, 0.011099654551053826, 0)
(76, 4, 0.011099654551053826, 0)
(76, 5, 0.011099654551053826, 0)
(76, 6, 0.011099654551053826, 0)
(76, 7, 0.011099654551053826, 0)
(76, 8, 0.011099654551053826, 0)
(76, 9, 0.011099654551053826, 0)
(76, 10, 0.011099654551053826, 0)
(76, 11, 0.011099654551053826, 0)
(76, 14, 0.011099654551053826, 0)
(76, 16, 0.011099654551053826, 0)
(76, 17, 0.011099654551053826, 0)
(76, 21, 0.011099654551053826, 0)
(76, 22, 0.011099654551053826, 0)
(76, 25, 0.011099654551053826, 0)
(76, 27, 0.011099654551053826, 0)
(76, 28, 0.011099654551053826, 0)
(76, 30, 0.011099654551053826, 0)
(76, 32, 0.011099654551053826, 0)
(76, 33, 0.011099654551053826, 0)
(76, 37, 0.011099654551053826, 0)
(76, 39, 0.011099654551053826, 0)
(76, 40, 0.011099654551053826, 0)
(76, 41, 0.011099654551053826, 0)
(76, 43, 0.011099654551053826, 0)
(76, 44, 0.011099654551053826, 0)
(76, 45, 0.011099654551053826, 0)
(76, 46, 0.011099654551053826, 0)
(77, 1, 0.009989689095948443, 0)
(77, 3, 0.009989689095948443, 0)
(77, 4, 0.009989689095948443, 0)
(77, 5, 0.009989689095948443, 0)
(77, 7, 0.009989689095948443, 0)
(77, 8, 0.009989689095948443, 0)
(77, 9, 0.009989689095948443, 0)
(77, 10, 0.009989689095948443, 0)
(77, 11, 0.009989689095948443, 0)
(77, 12, 0.009989689095948443, 0)
(77, 13, 0.009989689095948443, 0)
(77, 14, 0.009989689095948443, 0)
(77, 17, 0.009989689095948443, 0)
(77, 18, 0.009989689095948443, 0)
(77, 19, 0.009989689095948443, 0)
(77, 21, 0.009989689095948443, 0)
(77, 22, 0.009989689095948443, 0)
(77, 23, 0.009989689095948443, 0)
(77, 24, 0.009989689095948443, 0)
(77, 25, 0.009989689095948443, 0)
(77, 26, 0.009989689095948443, 0)
(77, 28, 0.009989689095948443, 0)
(77, 29, 0.009989689095948443, 0)
(77, 30, 0.009989689095948443, 0)
(77, 31, 0.009989689095948443, 0)
(77, 32, 0.009989689095948443, 0)
(77, 35, 0.009989689095948443, 0)
(77, 36, 0.009989689095948443, 0)
(77, 38, 0.009989689095948443, 0)
(77, 39, 0.009989689095948443, 0)
(78, 1, 0.0089907201863536, 0)
(78, 2, 0.0089907201863536, 0)
(78, 3, 0.0089907201863536, 0)
(78, 4, 0.0089907201863536, 0)
(78, 5, 0.0089907201863536, 0)
(78, 7, 0.0089907201863536, 0)
(78, 8, 0.0089907201863536, 0)
(78, 9, 0.0089907201863536, 0)
(78, 10, 0.0089907201863536, 0)
(78, 11, 0.0089907201863536, 0)
(78, 12, 0.0089907201863536, 0)
(78, 15, 0.0089907201863536, 0)
(78, 16, 0.0089907201863536, 0)
(78, 18, 0.0089907201863536, 0)
(78, 19, 0.0089907201863536, 0)
(78, 22, 0.0089907201863536, 0)
(78, 25, 0.0089907201863536, 0)
(78, 26, 0.0089907201863536, 0)
(78, 27, 0.0089907201863536, 0)
(78, 28, 0.0089907201863536, 0)
(78, 31, 0.0089907201863536, 0)
(78, 32, 0.0089907201863536, 0)
(78, 33, 0.0089907201863536, 0)
(78, 35, 0.0089907201863536, 0)
(78, 36, 0.0089907201863536, 0)
(78, 37, 0.0089907201863536, 0)
(78, 38, 0.0089907201863536, 0)
(78, 40, 0.0089907201863536, 0)
(78, 41, 0.0089907201863536, 0)
(78, 42, 0.0089907201863536, 0)
(79, 1, 0.00809164816771824, 0)
(79, 4, 0.00809164816771824, 0)
(79, 5, 0.00809164816771824, 0)
(79, 6, 0.00809164816771824, 0)
(79, 7, 0.00809164816771824, 0)
(79, 9, 0.00809164816771824, 0)
(79, 10, 0.00809164816771824, 0)
(79, 12, 0.00809164816771824, 0)
(79, 13, 0.00809164816771824, 0)
(79, 14, 0.00809164816771824, 0)
(79, 15, 0.00809164816771824, 0)
(79, 16, 0.00809164816771824, 0)
(79, 19, 0.00809164816771824, 0)
(79, 22, 0.00809164816771824, 0)
(79, 23, 0.00809164816771824, 0)
(79, 24, 0.00809164816771824, 0)
(79, 26, 0.00809164816771824, 0)
(79, 27, 0.00809164816771824, 0)
(79, 29, 0.00809164816771824, 0)
(79, 30, 0.00809164816771824, 0)
(79, 32, 0.00809164816771824, 0)
(79, 33, 0.00809164816771824, 0)
(79, 35, 0.00809164816771824, 0)
(79, 39, 0.00809164816771824, 0)
(79, 40, 0.00809164816771824, 0)
(79, 41, 0.00809164816771824, 0)
(79, 49, 0.00809164816771824, 0)
(79, 50, 0.00809164816771824, 0)
(79, 53, 0.00809164816771824, 0)
(79, 54, 0.00809164816771824, 0)
(80, 2, 0.007282483350946416, 0)
(80, 5, 0.007282483350946416, 0)
(80, 6, 0.007282483350946416, 0)
(80, 8, 0.007282483350946416, 0)
(80, 9, 0.007282483350946416, 0)
(80, 10, 0.007282483350946416, 0)
(80, 11, 0.007282483350946416, 0)
(80, 13, 0.007282483350946416, 0)
(80, 15, 0.007282483350946416, 0)
(80, 16, 0.007282483350946416, 0)
(80, 17, 0.007282483350946416, 0)
(80, 18, 0.007282483350946416, 0)
(80, 20, 0.007282483350946416, 0)
(80, 21, 0.007282483350946416, 0)
(80, 23, 0.007282483350946416, 0)
(80, 27, 0.007282483350946416, 0)
(80, 29, 0.007282483350946416, 0)
(80, 30, 0.007282483350946416, 0)
(80, 31, 0.007282483350946416, 0)
(80, 32, 0.007282483350946416, 0)
(80, 34, 0.007282483350946416, 0)
(80, 36, 0.007282483350946416, 0)
(80, 37, 0.007282483350946416, 0)
(80, 38, 0.007282483350946416, 0)
(80, 39, 0.007282483350946416, 0)
(80, 40, 0.007282483350946416, 0)
(80, 42, 0.007282483350946416, 0)
(80, 45, 0.007282483350946416, 0)
(80, 46, 0.007282483350946416, 0)
(80, 47, 0.007282483350946416, 0)
(81, 1, 0.006554235015851775, 0)
(81, 3, 0.006554235015851775, 0)
(81, 4, 0.006554235015851775, 0)
(81, 5, 0.006554235015851775, 0)
(81, 6, 0.006554235015851775, 0)
(81, 9, 0.006554235015851775, 0)
(81, 10, 0.006554235015851775, 0)
(81, 11, 0.006554235015851775, 0)
(81, 12, 0.006554235015851775, 0)
(81, 14, 0.006554235015851775, 0)
(81, 15, 0.006554235015851775, 0)
(81, 16, 0.006554235015851775, 0)
(81, 17, 0.006554235015851775, 0)
(81, 18, 0.006554235015851775, 0)
(81, 19, 0.006554235015851775, 0)
(81, 20, 0.006554235015851775, 0)
(81, 23, 0.006554235015851775, 0)
(81, 24, 0.006554235015851775, 0)
(81, 25, 0.006554235015851775, 0)
(81, 26, 0.006554235015851775, 0)
(81, 28, 0.006554235015851775, 0)
(81, 29, 0.006554235015851775, 0)
(81, 30, 0.006554235015851775, 0)
(81, 31, 0.006554235015851775, 0)
(81, 32, 0.006554235015851775, 0)
(81, 34, 0.006554235015851775, 0)
(81, 35, 0.006554235015851775, 0)
(81, 36, 0.006554235015851775, 0)
(81, 37, 0.006554235015851775, 0)
(81, 39, 0.006554235015851775, 0)
(82, 2, 0.0058988115142665975, 0)
(82, 4, 0.0058988115142665975, 0)
(82, 5, 0.0058988115142665975, 0)
(82, 6, 0.0058988115142665975, 0)
(82, 9, 0.0058988115142665975, 0)
(82, 10, 0.0058988115142665975, 0)
(82, 11, 0.0058988115142665975, 0)
(82, 15, 0.0058988115142665975, 0)
(82, 16, 0.0058988115142665975, 0)
(82, 19, 0.0058988115142665975, 0)
(82, 21, 0.0058988115142665975, 0)
(82, 22, 0.0058988115142665975, 0)
(82, 23, 0.0058988115142665975, 0)
(82, 25, 0.0058988115142665975, 0)
(82, 26, 0.0058988115142665975, 0)
(82, 27, 0.0058988115142665975, 0)
(82, 28, 0.0058988115142665975, 0)
(82, 29, 0.0058988115142665975, 0)
(82, 30, 0.0058988115142665975, 0)
(82, 31, 0.0058988115142665975, 0)
(82, 32, 0.0058988115142665975, 0)
(82, 33, 0.0058988115142665975, 0)
(82, 34, 0.0058988115142665975, 0)
(82, 35, 0.0058988115142665975, 0)
(82, 36, 0.0058988115142665975, 0)
(82, 37, 0.0058988115142665975, 0)
(82, 38, 0.0058988115142665975, 0)
(82, 41, 0.0058988115142665975, 0)
(82, 42, 0.0058988115142665975, 0)
(82, 43, 0.0058988115142665975, 0)
(83, 1, 0.005308930362839938, 0)
(83, 2, 0.005308930362839938, 0)
(83, 3, 0.005308930362839938, 0)
(83, 4, 0.005308930362839938, 0)
(83, 6, 0.005308930362839938, 0)
(83, 7, 0.005308930362839938, 0)
(83, 8, 0.005308930362839938, 0)
(83, 9, 0.005308930362839938, 0)
(83, 10, 0.005308930362839938, 0)
(83, 11, 0.005308930362839938, 0)
(83, 12, 0.005308930362839938, 0)
(83, 13, 0.005308930362839938, 0)
(83, 14, 0.005308930362839938, 0)
(83, 16, 0.005308930362839938, 0)
(83, 17, 0.005308930362839938, 0)
(83, 18, 0.005308930362839938, 0)
(83, 20, 0.005308930362839938, 0)
(83, 21, 0.005308930362839938, 0)
(83, 22, 0.005308930362839938, 0)
(83, 23, 0.005308930362839938, 0)
(83, 25, 0.005308930362839938, 0)
(83, 27, 0.005308930362839938, 0)
(83, 28, 0.005308930362839938, 0)
(83, 29, 0.005308930362839938, 0)
(83, 30, 0.005308930362839938, 0)
(83, 32, 0.005308930362839938, 0)
(83, 34, 0.005308930362839938, 0)
(83, 35, 0.005308930362839938, 0)
(83, 36, 0.005308930362839938, 0)
(83, 37, 0.005308930362839938, 0)
(84, 3, 0.004778037326555944, 0)
(84, 4, 0.004778037326555944, 0)
(84, 5, 0.004778037326555944, 0)
(84, 6, 0.004778037326555944, 0)
(84, 7, 0.004778037326555944, 0)
(84, 8, 0.004778037326555944, 0)
(84, 9, 0.004778037326555944, 0)
(84, 10, 0.004778037326555944, 0)
(84, 11, 0.004778037326555944, 0)
(84, 12, 0.004778037326555944, 0)
(84, 13, 0.004778037326555944, 0)
(84, 14, 0.004778037326555944, 0)
(84, 15, 0.004778037326555944, 0)
(84, 17, 0.004778037326555944, 0)
(84, 18, 0.004778037326555944, 0)
(84, 20, 0.004778037326555944, 0)
(84, 21, 0.004778037326555944, 0)
(84, 22, 0.004778037326555944, 0)
(84, 23, 0.004778037326555944, 0)
(84, 24, 0.004778037326555944, 0)
(84, 25, 0.004778037326555944, 0)
(84, 27, 0.004778037326555944, 0)
(84, 28, 0.004778037326555944, 0)
(84, 29, 0.004778037326555944, 0)
(84, 30, 0.004778037326555944, 0)
(84, 31, 0.004778037326555944, 0)
(84, 32, 0.004778037326555944, 0)
(84, 33, 0.004778037326555944, 0)
(84, 34, 0.004778037326555944, 0)
(84, 36, 0.004778037326555944, 0)
(85, 2, 0.00430023359390035, 0)
(85, 3, 0.00430023359390035, 0)
(85, 4, 0.00430023359390035, 0)
(85, 5, 0.00430023359390035, 0)
(85, 6, 0.00430023359390035, 0)
(85, 8, 0.00430023359390035, 0)
(85, 11, 0.00430023359390035, 0)
(85, 12, 0.00430023359390035, 0)
(85, 15, 0.00430023359390035, 0)
(85, 16, 0.00430023359390035, 0)
(85, 19, 0.00430023359390035, 0)
(85, 23, 0.00430023359390035, 0)
(85, 24, 0.00430023359390035, 0)
(85, 25, 0.00430023359390035, 0)
(85, 26, 0.00430023359390035, 0)
(85, 27, 0.00430023359390035, 0)
(85, 28, 0.00430023359390035, 0)
(85, 29, 0.00430023359390035, 0)
(85, 30, 0.00430023359390035, 0)
(85, 31, 0.00430023359390035, 0)
(85, 33, 0.00430023359390035, 0)
(85, 36, 0.00430023359390035, 0)
(85, 37, 0.00430023359390035, 0)
(85, 38, 0.00430023359390035, 0)
(85, 39, 0.00430023359390035, 0)
(85, 40, 0.00430023359390035, 0)
(85, 41, 0.00430023359390035, 0)
(85, 42, 0.00430023359390035, 0)
(85, 43, 0.00430023359390035, 0)
(85, 44, 0.00430023359390035, 0)
(86, 2, 0.0038702102345103155, 0)
(86, 3, 0.0038702102345103155, 0)
(86, 7, 0.0038702102345103155, 0)
(86, 8, 0.0038702102345103155, 0)
(86, 9, 0.0038702102345103155, 0)
(86, 10, 0.0038702102345103155, 0)
(86, 11, 0.0038702102345103155, 0)
(86, 17, 0.0038702102345103155, 0)
(86, 19, 0.0038702102345103155, 0)
(86, 22, 0.0038702102345103155, 0)
(86, 24, 0.0038702102345103155, 0)
(86, 25, 0.0038702102345103155, 0)
(86, 27, 0.0038702102345103155, 0)
(86, 29, 0.0038702102345103155, 0)
(86, 30, 0.0038702102345103155, 0)
(86, 33, 0.0038702102345103155, 0)
(86, 34, 0.0038702102345103155, 0)
(86, 36, 0.0038702102345103155, 0)
(86, 38, 0.0038702102345103155, 0)
(86, 39, 0.0038702102345103155, 0)
(86, 40, 0.0038702102345103155, 0)
(86, 41, 0.0038702102345103155, 0)
(86, 42, 0.0038702102345103155, 0)
(86, 43, 0.0038702102345103155, 0)
(86, 44, 0.0038702102345103155, 0)
(86, 45, 0.0038702102345103155, 0)
(86, 50, 0.0038702102345103155, 0)
(86, 51, 0.0038702102345103155, 0)
(86, 53, 0.0038702102345103155, 0)
(86, 54, 0.0038702102345103155, 0)
(87, 1, 0.003483189211059284, 0)
(87, 3, 0.003483189211059284, 0)
(87, 4, 0.003483189211059284, 0)
(87, 5, 0.003483189211059284, 0)
(87, 6, 0.003483189211059284, 0)
(87, 7, 0.003483189211059284, 0)
(87, 8, 0.003483189211059284, 0)
(87, 10, 0.003483189211059284, 0)
(87, 12, 0.003483189211059284, 0)
(87, 13, 0.003483189211059284, 0)
(87, 14, 0.003483189211059284, 0)
(87, 15, 0.003483189211059284, 0)
(87, 17, 0.003483189211059284, 0)
(87, 19, 0.003483189211059284, 0)
(87, 20, 0.003483189211059284, 0)
(87, 21, 0.003483189211059284, 0)
(87, 22, 0.003483189211059284, 0)
(87, 25, 0.003483189211059284, 0)
(87, 27, 0.003483189211059284, 0)
(87, 28, 0.003483189211059284, 0)
(87, 30, 0.003483189211059284, 0)
(87, 31, 0.003483189211059284, 0)
(87, 34, 0.003483189211059284, 0)
(87, 35, 0.003483189211059284, 0)
(87, 37, 0.003483189211059284, 0)
(87, 40, 0.003483189211059284, 0)
(87, 41, 0.003483189211059284, 0)
(87, 43, 0.003483189211059284, 0)
(87, 48, 0.003483189211059284, 0)
(87, 49, 0.003483189211059284, 0)
(88, 1, 0.0031348702899533557, 0)
(88, 2, 0.0031348702899533557, 0)
(88, 4, 0.0031348702899533557, 0)
(88, 5, 0.0031348702899533557, 0)
(88, 6, 0.0031348702899533557, 0)
(88, 7, 0.0031348702899533557, 0)
(88, 9, 0.0031348702899533557, 0)
(88, 10, 0.0031348702899533557, 0)
(88, 14, 0.0031348702899533557, 0)
(88, 15, 0.0031348702899533557, 0)
(88, 16, 0.0031348702899533557, 0)
(88, 17, 0.0031348702899533557, 0)
(88, 19, 0.0031348702899533557, 0)
(88, 20, 0.0031348702899533557, 0)
(88, 21, 0.0031348702899533557, 0)
(88, 22, 0.0031348702899533557, 0)
(88, 23, 0.0031348702899533557, 0)
(88, 24, 0.0031348702899533557, 0)
(88, 26, 0.0031348702899533557, 0)
(88, 27, 0.0031348702899533557, 0)
(88, 28, 0.0031348702899533557, 0)
(88, 29, 0.0031348702899533557, 0)
(88, 32, 0.0031348702899533557, 0)
(88, 33, 0.0031348702899533557, 0)
(88, 35, 0.0031348702899533557, 0)
(88, 36, 0.0031348702899533557, 0)
(88, 38, 0.0031348702899533557, 0)
(88, 39, 0.0031348702899533557, 0)
(88, 40, 0.0031348702899533557, 0)
(88, 41, 0.0031348702899533557, 0)
(89, 4, 0.00282138326095802, 0)
(89, 5, 0.00282138326095802, 0)
(89, 6, 0.00282138326095802, 0)
(89, 7, 0.00282138326095802, 0)
(89, 8, 0.00282138326095802, 0)
(89, 9, 0.00282138326095802, 0)
(89, 11, 0.00282138326095802, 0)
(89, 13, 0.00282138326095802, 0)
(89, 15, 0.00282138326095802, 0)
(89, 16, 0.00282138326095802, 0)
(89, 18, 0.00282138326095802, 0)
(89, 19, 0.00282138326095802, 0)
(89, 20, 0.00282138326095802, 0)
(89, 22, 0.00282138326095802, 0)
(89, 23, 0.00282138326095802, 0)
(89, 24, 0.00282138326095802, 0)
(89, 27, 0.00282138326095802, 0)
(89, 28, 0.00282138326095802, 0)
(89, 29, 0.00282138326095802, 0)
(89, 30, 0.00282138326095802, 0)
(89, 33, 0.00282138326095802, 0)
(89, 35, 0.00282138326095802, 0)
(89, 36, 0.00282138326095802, 0)
(89, 37, 0.00282138326095802, 0)
(89, 38, 0.00282138326095802, 0)
(89, 39, 0.00282138326095802, 0)
(89, 41, 0.00282138326095802, 0)
(89, 42, 0.00282138326095802, 0)
(89, 46, 0.00282138326095802, 0)
(89, 47, 0.00282138326095802, 0)
(90, 2, 0.0025392449348622184, 0)
(90, 3, 0.0025392449348622184, 0)
(90, 5, 0.0025392449348622184, 0)
(90, 7, 0.0025392449348622184, 0)
(90, 8, 0.0025392449348622184, 0)
(90, 9, 0.0025392449348622184, 0)
(90, 10, 0.0025392449348622184, 0)
(90, 11, 0.0025392449348622184, 0)
(90, 12, 0.0025392449348622184, 0)
(90, 14, 0.0025392449348622184, 0)
(90, 15, 0.0025392449348622184, 0)
(90, 16, 0.0025392449348622184, 0)
(90, 17, 0.0025392449348622184, 0)
(90, 21, 0.0025392449348622184, 0)
(90, 23, 0.0025392449348622184, 0)
(90, 24, 0.0025392449348622184, 0)
(90, 25, 0.0025392449348622184, 0)
(90, 26, 0.0025392449348622184, 0)
(90, 27, 0.0025392449348622184, 0)
(90, 29, 0.0025392449348622184, 0)
(90, 30, 0.0025392449348622184, 0)
(90, 31, 0.0025392449348622184, 0)
(90, 32, 0.0025392449348622184, 0)
(90, 33, 0.0025392449348622184, 0)
(90, 36, 0.0025392449348622184, 0)
(90, 37, 0.0025392449348622184, 0)
(90, 39, 0.0025392449348622184, 0)
(90, 40, 0.0025392449348622184, 0)
(90, 42, 0.0025392449348622184, 0)
(90, 44, 0.0025392449348622184, 0)
(91, 3, 0.0022853204413759965, 0)
(91, 4, 0.0022853204413759965, 0)
(91, 5, 0.0022853204413759965, 0)
(91, 6, 0.0022853204413759965, 0)
(91, 9, 0.0022853204413759965, 0)
(91, 10, 0.0022853204413759965, 0)
(91, 11, 0.0022853204413759965, 0)
(91, 12, 0.0022853204413759965, 0)
(91, 13, 0.0022853204413759965, 0)
(91, 14, 0.0022853204413759965, 0)
(91, 16, 0.0022853204413759965, 0)
(91, 17, 0.0022853204413759965, 0)
(91, 18, 0.0022853204413759965, 0)
(91, 19, 0.0022853204413759965, 0)
(91, 20, 0.0022853204413759965, 0)
(91, 21, 0.0022853204413759965, 0)
(91, 23, 0.0022853204413759965, 0)
(91, 24, 0.0022853204413759965, 0)
(91, 25, 0.0022853204413759965, 0)
(91, 27, 0.0022853204413759965, 0)
(91, 29, 0.0022853204413759965, 0)
(91, 30, 0.0022853204413759965, 0)
(91, 32, 0.0022853204413759965, 0)
(91, 33, 0.0022853204413759965, 0)
(91, 34, 0.0022853204413759965, 0)
(91, 36, 0.0022853204413759965, 0)
(91, 37, 0.0022853204413759965, 0)
(91, 38, 0.0022853204413759965, 0)
(91, 39, 0.0022853204413759965, 0)
(91, 40, 0.0022853204413759965, 0)
(92, 1, 0.002056788397238397, 0)
(92, 2, 0.002056788397238397, 0)
(92, 3, 0.002056788397238397, 0)
(92, 4, 0.002056788397238397, 0)
(92, 5, 0.002056788397238397, 0)
(92, 8, 0.002056788397238397, 0)
(92, 10, 0.002056788397238397, 0)
(92, 11, 0.002056788397238397, 0)
(92, 12, 0.002056788397238397, 0)
(92, 13, 0.002056788397238397, 0)
(92, 14, 0.002056788397238397, 0)
(92, 15, 0.002056788397238397, 0)
(92, 16, 0.002056788397238397, 0)
(92, 17, 0.002056788397238397, 0)
(92, 18, 0.002056788397238397, 0)
(92, 20, 0.002056788397238397, 0)
(92, 21, 0.002056788397238397, 0)
(92, 22, 0.002056788397238397, 0)
(92, 25, 0.002056788397238397, 0)
(92, 26, 0.002056788397238397, 0)
(92, 27, 0.002056788397238397, 0)
(92, 28, 0.002056788397238397, 0)
(92, 30, 0.002056788397238397, 0)
(92, 32, 0.002056788397238397, 0)
(92, 33, 0.002056788397238397, 0)
(92, 35, 0.002056788397238397, 0)
(92, 36, 0.002056788397238397, 0)
(92, 37, 0.002056788397238397, 0)
(92, 39, 0.002056788397238397, 0)
(92, 40, 0.002056788397238397, 0)
(93, 1, 0.0018511095575145574, 0)
(93, 2, 0.0018511095575145574, 0)
(93, 5, 0.0018511095575145574, 0)
(93, 6, 0.0018511095575145574, 0)
(93, 7, 0.0018511095575145574, 0)
(93, 10, 0.0018511095575145574, 0)
(93, 11, 0.0018511095575145574, 0)
(93, 13, 0.0018511095575145574, 0)
(93, 14, 0.0018511095575145574, 0)
(93, 15, 0.0018511095575145574, 0)
(93, 18, 0.0018511095575145574, 0)
(93, 20, 0.0018511095575145574, 0)
(93, 21, 0.0018511095575145574, 0)
(93, 22, 0.0018511095575145574, 0)
(93, 24, 0.0018511095575145574, 0)
(93, 25, 0.0018511095575145574, 0)
(93, 26, 0.0018511095575145574, 0)
(93, 27, 0.0018511095575145574, 0)
(93, 31, 0.0018511095575145574, 0)
(93, 33, 0.0018511095575145574, 0)
(93, 34, 0.0018511095575145574, 0)
(93, 35, 0.0018511095575145574, 0)
(93, 36, 0.0018511095575145574, 0)
(93, 37, 0.0018511095575145574, 0)
(93, 39, 0.0018511095575145574, 0)
(93, 40, 0.0018511095575145574, 0)
(93, 41, 0.0018511095575145574, 0)
(93, 42, 0.0018511095575145574, 0)
(93, 44, 0.0018511095575145574, 0)
(93, 45, 0.0018511095575145574, 0)
(94, 1, 0.0016659986017631017, 0)
(94, 2, 0.0016659986017631017, 0)
(94, 3, 0.0016659986017631017, 0)
(94, 4, 0.0016659986017631017, 0)
(94, 5, 0.0016659986017631017, 0)
(94, 7, 0.0016659986017631017, 0)
(94, 8, 0.0016659986017631017, 0)
(94, 10, 0.0016659986017631017, 0)
(94, 12, 0.0016659986017631017, 0)
(94, 13, 0.0016659986017631017, 0)
(94, 16, 0.0016659986017631017, 0)
(94, 17, 0.0016659986017631017, 0)
(94, 18, 0.0016659986017631017, 0)
(94, 19, 0.0016659986017631017, 0)
(94, 23, 0.0016659986017631017, 0)
(94, 26, 0.0016659986017631017, 0)
(94, 27, 0.0016659986017631017, 0)
(94, 28, 0.0016659986017631017, 0)
(94, 30, 0.0016659986017631017, 0)
(94, 31, 0.0016659986017631017, 0)
(94, 32, 0.0016659986017631017, 0)
(94, 33, 0.0016659986017631017, 0)
(94, 34, 0.0016659986017631017, 0)
(94, 35, 0.0016659986017631017, 0)
(94, 37, 0.0016659986017631017, 0)
(94, 38, 0.0016659986017631017, 0)
(94, 39, 0.0016659986017631017, 0)
(94, 41, 0.0016659986017631017, 0)
(94, 42, 0.0016659986017631017, 0)
(94, 43, 0.0016659986017631017, 0)
(95, 1, 0.0014993987415867916, 0)
(95, 2, 0.0014993987415867916, 0)
(95, 3, 0.0014993987415867916, 0)
(95, 4, 0.0014993987415867916, 0)
(95, 5, 0.0014993987415867916, 0)
(95, 6, 0.0014993987415867916, 0)
(95, 7, 0.0014993987415867916, 0)
(95, 8, 0.0014993987415867916, 0)
(95, 9, 0.0014993987415867916, 0)
(95, 10, 0.0014993987415867916, 0)
(95, 11, 0.0014993987415867916, 0)
(95, 12, 0.0014993987415867916, 0)
(95, 13, 0.0014993987415867916, 0)
(95, 15, 0.0014993987415867916, 0)
(95, 17, 0.0014993987415867916, 0)
(95, 18, 0.0014993987415867916, 0)
(95, 19, 0.0014993987415867916, 0)
(95, 20, 0.0014993987415867916, 0)
(95, 21, 0.0014993987415867916, 0)
(95, 22, 0.0014993987415867916, 0)
(95, 25, 0.0014993987415867916, 0)
(95, 26, 0.0014993987415867916, 0)
(95, 27, 0.0014993987415867916, 0)
(95, 30, 0.0014993987415867916, 0)
(95, 31, 0.0014993987415867916, 0)
(95, 35, 0.0014993987415867916, 0)
(95, 36, 0.0014993987415867916, 0)
(95, 37, 0.0014993987415867916, 0)
(95, 38, 0.0014993987415867916, 0)
(95, 43, 0.0014993987415867916, 0)
(96, 1, 0.0013494588674281124, 0)
(96, 2, 0.0013494588674281124, 0)
(96, 4, 0.0013494588674281124, 0)
(96, 6, 0.0013494588674281124, 0)
(96, 7, 0.0013494588674281124, 0)
(96, 9, 0.0013494588674281124, 0)
(96, 11, 0.0013494588674281124, 0)
(96, 12, 0.0013494588674281124, 0)
(96, 13, 0.0013494588674281124, 0)
(96, 15, 0.0013494588674281124, 0)
(96, 16, 0.0013494588674281124, 0)
(96, 17, 0.0013494588674281124, 0)
(96, 18, 0.0013494588674281124, 0)
(96, 20, 0.0013494588674281124, 0)
(96, 21, 0.0013494588674281124, 0)
(96, 22, 0.0013494588674281124, 0)
(96, 24, 0.0013494588674281124, 0)
(96, 25, 0.0013494588674281124, 0)
(96, 26, 0.0013494588674281124, 0)
(96, 27, 0.0013494588674281124, 0)
(96, 28, 0.0013494588674281124, 0)
(96, 31, 0.0013494588674281124, 0)
(96, 32, 0.0013494588674281124, 0)
(96, 35, 0.0013494588674281124, 0)
(96, 36, 0.0013494588674281124, 0)
(96, 37, 0.0013494588674281124, 0)
(96, 38, 0.0013494588674281124, 0)
(96, 39, 0.0013494588674281124, 0)
(96, 40, 0.0013494588674281124, 0)
(96, 44, 0.0013494588674281124, 0)
(97, 2, 0.0012145129806853013, 0)
(97, 3, 0.0012145129806853013, 0)
(97, 4, 0.0012145129806853013, 0)
(97, 5, 0.0012145129806853013, 0)
(97, 7, 0.0012145129806853013, 0)
(97, 8, 0.0012145129806853013, 0)
(97, 10, 0.0012145129806853013, 0)
(97, 11, 0.0012145129806853013, 0)
(97, 12, 0.0012145129806853013, 0)
(97, 13, 0.0012145129806853013, 0)
(97, 17, 0.0012145129806853013, 0)
(97, 19, 0.0012145129806853013, 0)
(97, 20, 0.0012145129806853013, 0)
(97, 21, 0.0012145129806853013, 0)
(97, 22, 0.0012145129806853013, 0)
(97, 25, 0.0012145129806853013, 0)
(97, 26, 0.0012145129806853013, 0)
(97, 28, 0.0012145129806853013, 0)
(97, 29, 0.0012145129806853013, 0)
(97, 30, 0.0012145129806853013, 0)
(97, 31, 0.0012145129806853013, 0)
(97, 32, 0.0012145129806853013, 0)
(97, 33, 0.0012145129806853013, 0)
(97, 34, 0.0012145129806853013, 0)
(97, 35, 0.0012145129806853013, 0)
(97, 37, 0.0012145129806853013, 0)
(97, 39, 0.0012145129806853013, 0)
(97, 41, 0.0012145129806853013, 0)
(97, 42, 0.0012145129806853013, 0)
(97, 43, 0.0012145129806853013, 0)
(98, 2, 0.0010930616826167713, 0)
(98, 5, 0.0010930616826167713, 0)
(98, 6, 0.0010930616826167713, 0)
(98, 7, 0.0010930616826167713, 0)
(98, 8, 0.0010930616826167713, 0)
(98, 10, 0.0010930616826167713, 0)
(98, 11, 0.0010930616826167713, 0)
(98, 13, 0.0010930616826167713, 0)
(98, 15, 0.0010930616826167713, 0)
(98, 17, 0.0010930616826167713, 0)
(98, 19, 0.0010930616826167713, 0)
(98, 20, 0.0010930616826167713, 0)
(98, 21, 0.0010930616826167713, 0)
(98, 22, 0.0010930616826167713, 0)
(98, 24, 0.0010930616826167713, 0)
(98, 25, 0.0010930616826167713, 0)
(98, 26, 0.0010930616826167713, 0)
(98, 27, 0.0010930616826167713, 0)
(98, 28, 0.0010930616826167713, 0)
(98, 29, 0.0010930616826167713, 0)
(98, 30, 0.0010930616826167713, 0)
(98, 33, 0.0010930616826167713, 0)
(98, 35, 0.0010930616826167713, 0)
(98, 36, 0.0010930616826167713, 0)
(98, 38, 0.0010930616826167713, 0)
(98, 39, 0.0010930616826167713, 0)
(98, 40, 0.0010930616826167713, 0)
(98, 41, 0.0010930616826167713, 0)
(98, 44, 0.0010930616826167713, 0)
(98, 45, 0.0010930616826167713, 0)
(99, 2, 0.0009837555143550941, 0)
(99, 3, 0.0009837555143550941, 0)
(99, 5, 0.0009837555143550941, 0)
(99, 6, 0.0009837555143550941, 0)
(99, 7, 0.0009837555143550941, 0)
(99, 8, 0.0009837555143550941, 0)
(99, 9, 0.0009837555143550941, 0)
(99, 10, 0.0009837555143550941, 0)
(99, 11, 0.0009837555143550941, 0)
(99, 14, 0.0009837555143550941, 0)
(99, 15, 0.0009837555143550941, 0)
(99, 16, 0.0009837555143550941, 0)
(99, 17, 0.0009837555143550941, 0)
(99, 18, 0.0009837555143550941, 0)
(99, 20, 0.0009837555143550941, 0)
(99, 21, 0.0009837555143550941, 0)
(99, 25, 0.0009837555143550941, 0)
(99, 26, 0.0009837555143550941, 0)
(99, 28, 0.0009837555143550941, 0)
(99, 29, 0.0009837555143550941, 0)
(99, 31, 0.0009837555143550941, 0)
(99, 32, 0.0009837555143550941, 0)
(99, 33, 0.0009837555143550941, 0)
(99, 34, 0.0009837555143550941, 0)
(99, 35, 0.0009837555143550941, 0)
(99, 36, 0.0009837555143550941, 0)
(99, 39, 0.0009837555143550941, 0)
(99, 40, 0.0009837555143550941, 0)
(99, 41, 0.0009837555143550941, 0)
(99, 43, 0.0009837555143550941, 0)
