100, 100, 30, 30, 0.9, 238
(1, 1, 30, 40)
(1, 2, 30, 37)
(1, 3, 30, 37)
(1, 4, 30, 44)
(1, 5, 30, 44)
(1, 6, 30, 39)
(1, 7, 30, 39)
(1, 8, 30, 39)
(1, 9, 30, 39)
(1, 10, 30, 39)
(1, 11, 30, 29)
(1, 12, 30, 32)
(1, 13, 30, 22)
(1, 14, 30, 32)
(1, 15, 30, 32)
(1, 16, 30, 24)
(1, 18, 30, 27)
(1, 19, 30, 27)
(1, 20, 30, 27)
(1, 21, 30, 17)
(1, 22, 30, 19)
(1, 23, 30, 19)
(1, 24, 30, 19)
(1, 25, 30, 19)
(1, 26, 30, 19)
(1, 27, 30, 22)
(1, 28, 30, 22)
(1, 29, 30, 22)
(1, 30, 30, 22)
(1, 31, 30, 22)
(2, 1, 27.0, 22)
(2, 2, 27.0, 32)
(2, 3, 27.0, 32)
(2, 4, 27.0, 39)
(2, 5, 27.0, 29)
(2, 6, 27.0, 32)
(2, 7, 27.0, 32)
(2, 8, 27.0, 32)
(2, 9, 27.0, 39)
(2, 10, 27.0, 29)
(2, 11, 27.0, 29)
(2, 12, 27.0, 29)
(2, 13, 27.0, 29)
(2, 14, 27.0, 29)
(2, 15, 27.0, 29)
(2, 16, 27.0, 39)
(2, 17, 27.0, 48)
(2, 18, 27.0, 41)
(2, 19, 27.0, 41)
(2, 20, 27.0, 33)
(2, 21, 27.0, 33)
(2, 22, 27.0, 33)
(2, 23, 27.0, 32)
(2, 24, 27.0, 32)
(2, 25, 27.0, 32)
(2, 26, 27.0, 32)
(2, 27, 27.0, 32)
(2, 28, 27.0, 32)
(2, 29, 27.0, 32)
(2, 30, 27.0, 24)
(3, 1, 24.3, 24)
(3, 2, 24.3, 24)
(3, 3, 24.3, 24)
(3, 4, 24.3, 24)
(3, 5, 24.3, 24)
(3, 6, 24.3, 24)
(3, 7, 24.3, 24)
(3, 8, 24.3, 13)
(3, 9, 24.3, 13)
(3, 10, 24.3, 11)
(3, 11, 24.3, 11)
(3, 12, 24.3, 11)
(3, 13, 24.3, 11)
(3, 14, 24.3, 11)
(3, 15, 24.3, 11)
(3, 16, 24.3, 22)
(3, 17, 24.3, 22)
(3, 18, 24.3, 13)
(3, 19, 24.3, 13)
(3, 20, 24.3, 13)
(3, 21, 24.3, 13)
(3, 22, 24.3, 13)
(3, 23, 24.3, 13)
(3, 24, 24.3, 24)
(3, 25, 24.3, 24)
(3, 26, 24.3, 15)
(3, 27, 24.3, 13)
(3, 28, 24.3, 11)
(3, 29, 24.3, 11)
(3, 30, 24.3, 22)
(4, 1, 21.87, 22)
(4, 2, 21.87, 22)
(4, 3, 21.87, 22)
(4, 4, 21.87, 11)
(4, 5, 21.87, 11)
(4, 6, 21.87, 11)
(4, 8, 21.87, 13)
(4, 9, 21.87, 13)
(4, 10, 21.87, 13)
(4, 11, 21.87, 13)
(4, 12, 21.87, 22)
(4, 13, 21.87, 24)
(4, 14, 21.87, 32)
(4, 15, 21.87, 24)
(4, 16, 21.87, 24)
(4, 17, 21.87, 24)
(4, 18, 21.87, 24)
(4, 19, 21.87, 24)
(4, 21, 21.87, 24)
(4, 22, 21.87, 24)
(4, 23, 21.87, 13)
(4, 24, 21.87, 13)
(4, 25, 21.87, 13)
(4, 26, 21.87, 13)
(4, 27, 21.87, 11)
(4, 28, 21.87, 11)
(4, 29, 21.87, 11)
(4, 30, 21.87, 19)
(4, 31, 21.87, 17)
(4, 32, 21.87, 17)
(5, 1, 19.683, 15)
(5, 2, 19.683, 19)
(5, 3, 19.683, 19)
(5, 4, 19.683, 19)
(5, 5, 19.683, 19)
(5, 6, 19.683, 19)
(5, 7, 19.683, 19)
(5, 8, 19.683, 22)
(5, 9, 19.683, 22)
(5, 10, 19.683, 27)
(5, 11, 19.683, 27)
(5, 12, 19.683, 27)
(5, 13, 19.683, 22)
(5, 14, 19.683, 22)
(5, 15, 19.683, 22)
(5, 16, 19.683, 22)
(5, 17, 19.683, 22)
(5, 18, 19.683, 24)
(5, 19, 19.683, 15)
(5, 20, 19.683, 15)
(5, 21, 19.683, 25)
(5, 22, 19.683, 25)
(5, 23, 19.683, 25)
(5, 24, 19.683, 25)
(5, 25, 19.683, 24)
(5, 26, 19.683, 24)
(5, 27, 19.683, 24)
(5, 28, 19.683, 24)
(5, 29, 19.683, 24)
(5, 30, 19.683, 23)
(6, 1, 17.7147, 22)
(6, 2, 17.7147, 22)
(6, 3, 17.7147, 22)
(6, 4, 17.7147, 22)
(6, 5, 17.7147, 22)
(6, 6, 17.7147, 22)
(6, 7, 17.7147, 31)
(6, 8, 17.7147, 31)
(6, 9, 17.7147, 31)
(6, 10, 17.7147, 32)
(6, 11, 17.7147, 37)
(6, 12, 17.7147, 37)
(6, 13, 17.7147, 27)
(6, 15, 17.7147, 27)
(6, 16, 17.7147, 19)
(6, 17, 17.7147, 6)
(6, 18, 17.7147, 6)
(6, 19, 17.7147, 9)
(6, 20, 17.7147, 9)
(6, 21, 17.7147, 9)
(6, 22, 17.7147, 22)
(6, 23, 17.7147, 11)
(6, 25, 17.7147, 11)
(6, 26, 17.7147, 13)
(6, 27, 17.7147, 13)
(6, 28, 17.7147, 15)
(6, 29, 17.7147, 15)
(6, 30, 17.7147, 15)
(6, 32, 17.7147, 24)
(6, 33, 17.7147, 13)
(7, 1, 15.943230000000002, 13)
(7, 2, 15.943230000000002, 13)
(7, 3, 15.943230000000002, 15)
(7, 4, 15.943230000000002, 13)
(7, 5, 15.943230000000002, 13)
(7, 6, 15.943230000000002, 11)
(7, 7, 15.943230000000002, 11)
(7, 8, 15.943230000000002, 8)
(7, 9, 15.943230000000002, 8)
(7, 10, 15.943230000000002, 8)
(7, 11, 15.943230000000002, 8)
(7, 12, 15.943230000000002, 11)
(7, 13, 15.943230000000002, 11)
(7, 14, 15.943230000000002, 8)
(7, 15, 15.943230000000002, 19)
(7, 16, 15.943230000000002, 22)
(7, 17, 15.943230000000002, 24)
(7, 18, 15.943230000000002, 15)
(7, 19, 15.943230000000002, 15)
(7, 20, 15.943230000000002, 15)
(7, 21, 15.943230000000002, 25)
(7, 22, 15.943230000000002, 16)
(7, 23, 15.943230000000002, 16)
(7, 24, 15.943230000000002, 16)
(7, 25, 15.943230000000002, 16)
(7, 26, 15.943230000000002, 16)
(7, 27, 15.943230000000002, 16)
(7, 28, 15.943230000000002, 16)
(7, 29, 15.943230000000002, 16)
(7, 30, 15.943230000000002, 16)
(8, 1, 14.348907000000002, 25)
(8, 2, 14.348907000000002, 25)
(8, 3, 14.348907000000002, 25)
(8, 4, 14.348907000000002, 25)
(8, 5, 14.348907000000002, 25)
(8, 7, 14.348907000000002, 33)
(8, 8, 14.348907000000002, 33)
(8, 9, 14.348907000000002, 24)
(8, 10, 14.348907000000002, 24)
(8, 11, 14.348907000000002, 24)
(8, 12, 14.348907000000002, 24)
(8, 14, 14.348907000000002, 25)
(8, 15, 14.348907000000002, 25)
(8, 16, 14.348907000000002, 25)
(8, 17, 14.348907000000002, 24)
(8, 18, 14.348907000000002, 24)
(8, 19, 14.348907000000002, 24)
(8, 20, 14.348907000000002, 24)
(8, 21, 14.348907000000002, 24)
(8, 22, 14.348907000000002, 24)
(8, 23, 14.348907000000002, 24)
(8, 24, 14.348907000000002, 24)
(8, 25, 14.348907000000002, 24)
(8, 26, 14.348907000000002, 32)
(8, 27, 14.348907000000002, 32)
(8, 28, 14.348907000000002, 32)
(8, 29, 14.348907000000002, 32)
(8, 30, 14.348907000000002, 22)
(8, 31, 14.348907000000002, 11)
(8, 32, 14.348907000000002, 11)
(9, 1, 12.914016300000002, 11)
(9, 2, 12.914016300000002, 11)
(9, 3, 12.914016300000002, 11)
(9, 4, 12.914016300000002, 11)
(9, 5, 12.914016300000002, 11)
(9, 6, 12.914016300000002, 11)
(9, 7, 12.914016300000002, 11)
(9, 9, 12.914016300000002, 11)
(9, 10, 12.914016300000002, 11)
(9, 11, 12.914016300000002, 11)
(9, 12, 12.914016300000002, 11)
(9, 13, 12.914016300000002, 11)
(9, 14, 12.914016300000002, 11)
(9, 15, 12.914016300000002, 11)
(9, 17, 12.914016300000002, 11)
(9, 18, 12.914016300000002, 11)
(9, 19, 12.914016300000002, 11)
(9, 20, 12.914016300000002, 11)
(9, 22, 12.914016300000002, 11)
(9, 23, 12.914016300000002, 11)
(9, 24, 12.914016300000002, 11)
(9, 25, 12.914016300000002, 19)
(9, 26, 12.914016300000002, 19)
(9, 27, 12.914016300000002, 19)
(9, 28, 12.914016300000002, 11)
(9, 29, 12.914016300000002, 11)
(9, 30, 12.914016300000002, 22)
(9, 31, 12.914016300000002, 19)
(9, 32, 12.914016300000002, 19)
(9, 33, 12.914016300000002, 19)
(10, 1, 11.622614670000003, 19)
(10, 2, 11.622614670000003, 19)
(10, 3, 11.622614670000003, 19)
(10, 6, 11.622614670000003, 19)
(10, 7, 11.622614670000003, 19)
(10, 8, 11.622614670000003, 19)
(10, 9, 11.622614670000003, 8)
(10, 10, 11.622614670000003, 8)
(10, 11, 11.622614670000003, 8)
(10, 12, 11.622614670000003, 8)
(10, 13, 11.622614670000003, 8)
(10, 14, 11.622614670000003, 8)
(10, 15, 11.622614670000003, 8)
(10, 17, 11.622614670000003, 8)
(10, 18, 11.622614670000003, 8)
(10, 19, 11.622614670000003, 8)
(10, 20, 11.622614670000003, 8)
(10, 21, 11.622614670000003, 11)
(10, 22, 11.622614670000003, 9)
(10, 23, 11.622614670000003, 9)
(10, 25, 11.622614670000003, 9)
(10, 26, 11.622614670000003, 22)
(10, 27, 11.622614670000003, 11)
(10, 28, 11.622614670000003, 11)
(10, 30, 11.622614670000003, 11)
(10, 31, 11.622614670000003, 22)
(10, 32, 11.622614670000003, 22)
(10, 33, 11.622614670000003, 22)
(10, 34, 11.622614670000003, 22)
(10, 35, 11.622614670000003, 22)
(11, 1, 10.460353203000002, 22)
(11, 2, 10.460353203000002, 22)
(11, 3, 10.460353203000002, 22)
(11, 4, 10.460353203000002, 22)
(11, 5, 10.460353203000002, 22)
(11, 6, 10.460353203000002, 22)
(11, 7, 10.460353203000002, 22)
(11, 8, 10.460353203000002, 22)
(11, 9, 10.460353203000002, 22)
(11, 10, 10.460353203000002, 22)
(11, 11, 10.460353203000002, 32)
(11, 13, 10.460353203000002, 32)
(11, 14, 10.460353203000002, 32)
(11, 15, 10.460353203000002, 32)
(11, 16, 10.460353203000002, 33)
(11, 17, 10.460353203000002, 33)
(11, 18, 10.460353203000002, 33)
(11, 19, 10.460353203000002, 41)
(11, 20, 10.460353203000002, 32)
(11, 21, 10.460353203000002, 32)
(11, 22, 10.460353203000002, 32)
(11, 24, 10.460353203000002, 32)
(11, 25, 10.460353203000002, 22)
(11, 26, 10.460353203000002, 24)
(11, 27, 10.460353203000002, 24)
(11, 28, 10.460353203000002, 24)
(11, 29, 10.460353203000002, 24)
(11, 30, 10.460353203000002, 24)
(11, 31, 10.460353203000002, 24)
(11, 32, 10.460353203000002, 24)
(12, 1, 9.414317882700002, 24)
(12, 2, 9.414317882700002, 24)
(12, 3, 9.414317882700002, 24)
(12, 4, 9.414317882700002, 22)
(12, 6, 9.414317882700002, 22)
(12, 7, 9.414317882700002, 22)
(12, 8, 9.414317882700002, 22)
(12, 9, 9.414317882700002, 22)
(12, 10, 9.414317882700002, 13)
(12, 12, 9.414317882700002, 13)
(12, 13, 9.414317882700002, 13)
(12, 14, 9.414317882700002, 22)
(12, 15, 9.414317882700002, 22)
(12, 16, 9.414317882700002, 22)
(12, 18, 9.414317882700002, 22)
(12, 19, 9.414317882700002, 19)
(12, 20, 9.414317882700002, 19)
(12, 22, 9.414317882700002, 19)
(12, 23, 9.414317882700002, 29)
(12, 24, 9.414317882700002, 22)
(12, 25, 9.414317882700002, 22)
(12, 26, 9.414317882700002, 22)
(12, 27, 9.414317882700002, 22)
(12, 29, 9.414317882700002, 11)
(12, 30, 9.414317882700002, 11)
(12, 31, 9.414317882700002, 11)
(12, 32, 9.414317882700002, 11)
(12, 33, 9.414317882700002, 11)
(12, 34, 9.414317882700002, 13)
(12, 35, 9.414317882700002, 13)
(13, 2, 8.472886094430002, 13)
(13, 3, 8.472886094430002, 13)
(13, 4, 8.472886094430002, 13)
(13, 5, 8.472886094430002, 13)
(13, 6, 8.472886094430002, 11)
(13, 8, 8.472886094430002, 11)
(13, 9, 8.472886094430002, 11)
(13, 10, 8.472886094430002, 13)
(13, 11, 8.472886094430002, 11)
(13, 12, 8.472886094430002, 11)
(13, 13, 8.472886094430002, 11)
(13, 14, 8.472886094430002, 11)
(13, 15, 8.472886094430002, 11)
(13, 16, 8.472886094430002, 11)
(13, 17, 8.472886094430002, 11)
(13, 18, 8.472886094430002, 11)
(13, 19, 8.472886094430002, 11)
(13, 20, 8.472886094430002, 11)
(13, 21, 8.472886094430002, 11)
(13, 22, 8.472886094430002, 11)
(13, 23, 8.472886094430002, 11)
(13, 24, 8.472886094430002, 11)
(13, 25, 8.472886094430002, 11)
(13, 26, 8.472886094430002, 13)
(13, 27, 8.472886094430002, 22)
(13, 28, 8.472886094430002, 22)
(13, 30, 8.472886094430002, 19)
(13, 31, 8.472886094430002, 19)
(13, 32, 8.472886094430002, 29)
(13, 33, 8.472886094430002, 19)
(14, 1, 7.6255974849870025, 19)
(14, 2, 7.6255974849870025, 19)
(14, 3, 7.6255974849870025, 19)
(14, 4, 7.6255974849870025, 22)
(14, 5, 7.6255974849870025, 24)
(14, 6, 7.6255974849870025, 24)
(14, 7, 7.6255974849870025, 24)
(14, 8, 7.6255974849870025, 24)
(14, 9, 7.6255974849870025, 13)
(14, 10, 7.6255974849870025, 13)
(14, 11, 7.6255974849870025, 13)
(14, 12, 7.6255974849870025, 13)
(14, 13, 7.6255974849870025, 13)
(14, 14, 7.6255974849870025, 13)
(14, 15, 7.6255974849870025, 13)
(14, 16, 7.6255974849870025, 13)
(14, 17, 7.6255974849870025, 13)
(14, 18, 7.6255974849870025, 13)
(14, 19, 7.6255974849870025, 13)
(14, 20, 7.6255974849870025, 11)
(14, 21, 7.6255974849870025, 11)
(14, 22, 7.6255974849870025, 11)
(14, 23, 7.6255974849870025, 11)
(14, 24, 7.6255974849870025, 11)
(14, 25, 7.6255974849870025, 11)
(14, 26, 7.6255974849870025, 11)
(14, 27, 7.6255974849870025, 11)
(14, 28, 7.6255974849870025, 6)
(14, 29, 7.6255974849870025, 6)
(14, 30, 7.6255974849870025, 6)
(15, 2, 6.863037736488303, 6)
(15, 3, 6.863037736488303, 6)
(15, 4, 6.863037736488303, 6)
(15, 5, 6.863037736488303, 6)
(15, 6, 6.863037736488303, 6)
(15, 7, 6.863037736488303, 17)
(15, 8, 6.863037736488303, 17)
(15, 9, 6.863037736488303, 17)
(15, 10, 6.863037736488303, 9)
(15, 11, 6.863037736488303, 9)
(15, 12, 6.863037736488303, 11)
(15, 13, 6.863037736488303, 11)
(15, 14, 6.863037736488303, 11)
(15, 15, 6.863037736488303, 11)
(15, 16, 6.863037736488303, 11)
(15, 17, 6.863037736488303, 11)
(15, 18, 6.863037736488303, 11)
(15, 19, 6.863037736488303, 11)
(15, 20, 6.863037736488303, 11)
(15, 22, 6.863037736488303, 8)
(15, 23, 6.863037736488303, 8)
(15, 24, 6.863037736488303, 8)
(15, 25, 6.863037736488303, 8)
(15, 27, 6.863037736488303, 11)
(15, 28, 6.863037736488303, 11)
(15, 29, 6.863037736488303, 11)
(15, 30, 6.863037736488303, 11)
(15, 31, 6.863037736488303, 11)
(15, 32, 6.863037736488303, 11)
(15, 33, 6.863037736488303, 11)
(16, 1, 6.176733962839473, 11)
(16, 2, 6.176733962839473, 11)
(16, 3, 6.176733962839473, 11)
(16, 4, 6.176733962839473, 11)
(16, 6, 6.176733962839473, 8)
(16, 7, 6.176733962839473, 8)
(16, 8, 6.176733962839473, 8)
(16, 9, 6.176733962839473, 8)
(16, 10, 6.176733962839473, 11)
(16, 11, 6.176733962839473, 6)
(16, 12, 6.176733962839473, 6)
(16, 13, 6.176733962839473, 6)
(16, 14, 6.176733962839473, 6)
(16, 15, 6.176733962839473, 6)
(16, 16, 6.176733962839473, 6)
(16, 17, 6.176733962839473, 8)
(16, 18, 6.176733962839473, 8)
(16, 21, 6.176733962839473, 8)
(16, 22, 6.176733962839473, 8)
(16, 23, 6.176733962839473, 8)
(16, 26, 6.176733962839473, 8)
(16, 27, 6.176733962839473, 8)
(16, 28, 6.176733962839473, 8)
(16, 30, 6.176733962839473, 8)
(16, 31, 6.176733962839473, 8)
(16, 32, 6.176733962839473, 8)
(16, 33, 6.176733962839473, 8)
(16, 34, 6.176733962839473, 8)
(16, 35, 6.176733962839473, 8)
(16, 36, 6.176733962839473, 8)
(17, 1, 5.559060566555526, 8)
(17, 2, 5.559060566555526, 8)
(17, 3, 5.559060566555526, 8)
(17, 4, 5.559060566555526, 8)
(17, 5, 5.559060566555526, 8)
(17, 6, 5.559060566555526, 8)
(17, 8, 5.559060566555526, 8)
(17, 9, 5.559060566555526, 8)
(17, 10, 5.559060566555526, 8)
(17, 11, 5.559060566555526, 11)
(17, 12, 5.559060566555526, 11)
(17, 13, 5.559060566555526, 11)
(17, 14, 5.559060566555526, 11)
(17, 15, 5.559060566555526, 13)
(17, 16, 5.559060566555526, 13)
(17, 17, 5.559060566555526, 13)
(17, 18, 5.559060566555526, 11)
(17, 19, 5.559060566555526, 11)
(17, 20, 5.559060566555526, 11)
(17, 21, 5.559060566555526, 11)
(17, 23, 5.559060566555526, 11)
(17, 24, 5.559060566555526, 11)
(17, 25, 5.559060566555526, 13)
(17, 26, 5.559060566555526, 15)
(17, 27, 5.559060566555526, 15)
(17, 29, 5.559060566555526, 15)
(17, 30, 5.559060566555526, 15)
(17, 31, 5.559060566555526, 13)
(17, 32, 5.559060566555526, 13)
(17, 34, 5.559060566555526, 11)
(18, 1, 5.003154509899973, 11)
(18, 4, 5.003154509899973, 11)
(18, 6, 5.003154509899973, 11)
(18, 8, 5.003154509899973, 11)
(18, 9, 5.003154509899973, 11)
(18, 10, 5.003154509899973, 11)
(18, 11, 5.003154509899973, 11)
(18, 12, 5.003154509899973, 11)
(18, 13, 5.003154509899973, 11)
(18, 14, 5.003154509899973, 11)
(18, 15, 5.003154509899973, 11)
(18, 17, 5.003154509899973, 11)
(18, 18, 5.003154509899973, 11)
(18, 20, 5.003154509899973, 11)
(18, 21, 5.003154509899973, 13)
(18, 23, 5.003154509899973, 13)
(18, 24, 5.003154509899973, 13)
(18, 25, 5.003154509899973, 13)
(18, 27, 5.003154509899973, 13)
(18, 29, 5.003154509899973, 13)
(18, 30, 5.003154509899973, 13)
(18, 31, 5.003154509899973, 13)
(18, 32, 5.003154509899973, 13)
(18, 33, 5.003154509899973, 13)
(18, 34, 5.003154509899973, 13)
(18, 35, 5.003154509899973, 11)
(18, 36, 5.003154509899973, 11)
(18, 37, 5.003154509899973, 11)
(18, 39, 5.003154509899973, 11)
(18, 40, 5.003154509899973, 11)
(19, 2, 4.502839058909976, 11)
(19, 3, 4.502839058909976, 11)
(19, 4, 4.502839058909976, 11)
(19, 5, 4.502839058909976, 11)
(19, 6, 4.502839058909976, 11)
(19, 7, 4.502839058909976, 11)
(19, 8, 4.502839058909976, 11)
(19, 9, 4.502839058909976, 11)
(19, 10, 4.502839058909976, 11)
(19, 12, 4.502839058909976, 11)
(19, 14, 4.502839058909976, 11)
(19, 16, 4.502839058909976, 11)
(19, 18, 4.502839058909976, 11)
(19, 19, 4.502839058909976, 11)
(19, 20, 4.502839058909976, 11)
(19, 22, 4.502839058909976, 11)
(19, 23, 4.502839058909976, 11)
(19, 24, 4.502839058909976, 11)
(19, 25, 4.502839058909976, 11)
(19, 26, 4.502839058909976, 11)
(19, 27, 4.502839058909976, 13)
(19, 28, 4.502839058909976, 13)
(19, 29, 4.502839058909976, 13)
(19, 30, 4.502839058909976, 13)
(19, 31, 4.502839058909976, 13)
(19, 32, 4.502839058909976, 13)
(19, 33, 4.502839058909976, 13)
(19, 34, 4.502839058909976, 13)
(19, 35, 4.502839058909976, 13)
(19, 38, 4.502839058909976, 15)
(20, 1, 4.052555153018979, 15)
(20, 3, 4.052555153018979, 15)
(20, 6, 4.052555153018979, 15)
(20, 7, 4.052555153018979, 15)
(20, 9, 4.052555153018979, 15)
(20, 10, 4.052555153018979, 15)
(20, 12, 4.052555153018979, 13)
(20, 13, 4.052555153018979, 15)
(20, 14, 4.052555153018979, 15)
(20, 15, 4.052555153018979, 15)
(20, 17, 4.052555153018979, 15)
(20, 18, 4.052555153018979, 11)
(20, 21, 4.052555153018979, 9)
(20, 22, 4.052555153018979, 9)
(20, 23, 4.052555153018979, 9)
(20, 26, 4.052555153018979, 9)
(20, 27, 4.052555153018979, 9)
(20, 28, 4.052555153018979, 9)
(20, 29, 4.052555153018979, 9)
(20, 30, 4.052555153018979, 6)
(20, 31, 4.052555153018979, 6)
(20, 32, 4.052555153018979, 6)
(20, 33, 4.052555153018979, 6)
(20, 34, 4.052555153018979, 6)
(20, 35, 4.052555153018979, 4)
(20, 36, 4.052555153018979, 4)
(20, 37, 4.052555153018979, 4)
(20, 38, 4.052555153018979, 4)
(20, 39, 4.052555153018979, 4)
(20, 41, 4.052555153018979, 4)
(21, 1, 3.6472996377170808, 4)
(21, 2, 3.6472996377170808, 4)
(21, 5, 3.6472996377170808, 6)
(21, 7, 3.6472996377170808, 6)
(21, 8, 3.6472996377170808, 6)
(21, 9, 3.6472996377170808, 6)
(21, 11, 3.6472996377170808, 6)
(21, 12, 3.6472996377170808, 6)
(21, 13, 3.6472996377170808, 6)
(21, 17, 3.6472996377170808, 6)
(21, 18, 3.6472996377170808, 6)
(21, 19, 3.6472996377170808, 6)
(21, 21, 3.6472996377170808, 6)
(21, 22, 3.6472996377170808, 6)
(21, 23, 3.6472996377170808, 8)
(21, 24, 3.6472996377170808, 8)
(21, 25, 3.6472996377170808, 8)
(21, 29, 3.6472996377170808, 11)
(21, 31, 3.6472996377170808, 11)
(21, 33, 3.6472996377170808, 11)
(21, 34, 3.6472996377170808, 11)
(21, 35, 3.6472996377170808, 11)
(21, 38, 3.6472996377170808, 22)
(21, 39, 3.6472996377170808, 22)
(21, 40, 3.6472996377170808, 11)
(21, 41, 3.6472996377170808, 11)
(21, 42, 3.6472996377170808, 11)
(21, 43, 3.6472996377170808, 13)
(21, 44, 3.6472996377170808, 13)
(21, 45, 3.6472996377170808, 13)
(22, 2, 3.282569673945373, 11)
(22, 3, 3.282569673945373, 11)
(22, 4, 3.282569673945373, 19)
(22, 7, 3.282569673945373, 19)
(22, 8, 3.282569673945373, 19)
(22, 9, 3.282569673945373, 19)
(22, 10, 3.282569673945373, 19)
(22, 12, 3.282569673945373, 19)
(22, 14, 3.282569673945373, 19)
(22, 15, 3.282569673945373, 19)
(22, 16, 3.282569673945373, 19)
(22, 17, 3.282569673945373, 19)
(22, 18, 3.282569673945373, 19)
(22, 19, 3.282569673945373, 19)
(22, 20, 3.282569673945373, 19)
(22, 22, 3.282569673945373, 19)
(22, 23, 3.282569673945373, 19)
(22, 24, 3.282569673945373, 19)
(22, 25, 3.282569673945373, 19)
(22, 26, 3.282569673945373, 19)
(22, 27, 3.282569673945373, 19)
(22, 28, 3.282569673945373, 19)
(22, 30, 3.282569673945373, 8)
(22, 31, 3.282569673945373, 8)
(22, 32, 3.282569673945373, 8)
(22, 33, 3.282569673945373, 8)
(22, 34, 3.282569673945373, 8)
(22, 35, 3.282569673945373, 8)
(22, 36, 3.282569673945373, 8)
(22, 37, 3.282569673945373, 8)
(23, 1, 2.954312706550836, 6)
(23, 2, 2.954312706550836, 6)
(23, 3, 2.954312706550836, 6)
(23, 4, 2.954312706550836, 6)
(23, 5, 2.954312706550836, 6)
(23, 6, 2.954312706550836, 6)
(23, 7, 2.954312706550836, 6)
(23, 9, 2.954312706550836, 6)
(23, 10, 2.954312706550836, 9)
(23, 11, 2.954312706550836, 9)
(23, 12, 2.954312706550836, 11)
(23, 14, 2.954312706550836, 11)
(23, 15, 2.954312706550836, 11)
(23, 17, 2.954312706550836, 11)
(23, 18, 2.954312706550836, 11)
(23, 19, 2.954312706550836, 11)
(23, 20, 2.954312706550836, 11)
(23, 21, 2.954312706550836, 11)
(23, 22, 2.954312706550836, 11)
(23, 23, 2.954312706550836, 11)
(23, 24, 2.954312706550836, 11)
(23, 25, 2.954312706550836, 11)
(23, 27, 2.954312706550836, 8)
(23, 30, 2.954312706550836, 8)
(23, 31, 2.954312706550836, 8)
(23, 32, 2.954312706550836, 8)
(23, 33, 2.954312706550836, 8)
(23, 34, 2.954312706550836, 8)
(23, 35, 2.954312706550836, 8)
(23, 36, 2.954312706550836, 8)
(24, 2, 2.6588814358957524, 8)
(24, 3, 2.6588814358957524, 8)
(24, 4, 2.6588814358957524, 8)
(24, 5, 2.6588814358957524, 8)
(24, 6, 2.6588814358957524, 8)
(24, 7, 2.6588814358957524, 8)
(24, 9, 2.6588814358957524, 8)
(24, 10, 2.6588814358957524, 8)
(24, 11, 2.6588814358957524, 8)
(24, 13, 2.6588814358957524, 8)
(24, 14, 2.6588814358957524, 8)
(24, 15, 2.6588814358957524, 8)
(24, 16, 2.6588814358957524, 8)
(24, 17, 2.6588814358957524, 8)
(24, 18, 2.6588814358957524, 8)
(24, 19, 2.6588814358957524, 8)
(24, 21, 2.6588814358957524, 8)
(24, 22, 2.6588814358957524, 8)
(24, 23, 2.6588814358957524, 8)
(24, 24, 2.6588814358957524, 8)
(24, 25, 2.6588814358957524, 8)
(24, 26, 2.6588814358957524, 8)
(24, 27, 2.6588814358957524, 8)
(24, 28, 2.6588814358957524, 8)
(24, 29, 2.6588814358957524, 8)
(24, 30, 2.6588814358957524, 8)
(24, 31, 2.6588814358957524, 8)
(24, 32, 2.6588814358957524, 8)
(24, 33, 2.6588814358957524, 8)
(24, 35, 2.6588814358957524, 8)
(25, 1, 2.392993292306177, 8)
(25, 2, 2.392993292306177, 8)
(25, 3, 2.392993292306177, 8)
(25, 4, 2.392993292306177, 8)
(25, 5, 2.392993292306177, 8)
(25, 6, 2.392993292306177, 8)
(25, 9, 2.392993292306177, 8)
(25, 10, 2.392993292306177, 8)
(25, 11, 2.392993292306177, 8)
(25, 12, 2.392993292306177, 8)
(25, 13, 2.392993292306177, 8)
(25, 14, 2.392993292306177, 8)
(25, 15, 2.392993292306177, 8)
(25, 16, 2.392993292306177, 8)
(25, 18, 2.392993292306177, 8)
(25, 20, 2.392993292306177, 6)
(25, 21, 2.392993292306177, 6)
(25, 22, 2.392993292306177, 6)
(25, 23, 2.392993292306177, 6)
(25, 24, 2.392993292306177, 6)
(25, 25, 2.392993292306177, 6)
(25, 26, 2.392993292306177, 6)
(25, 28, 2.392993292306177, 6)
(25, 29, 2.392993292306177, 11)
(25, 30, 2.392993292306177, 6)
(25, 31, 2.392993292306177, 6)
(25, 34, 2.392993292306177, 6)
(25, 35, 2.392993292306177, 6)
(25, 36, 2.392993292306177, 6)
(25, 39, 2.392993292306177, 6)
(26, 2, 2.1536939630755594, 6)
(26, 3, 2.1536939630755594, 6)
(26, 5, 2.1536939630755594, 6)
(26, 6, 2.1536939630755594, 6)
(26, 7, 2.1536939630755594, 6)
(26, 8, 2.1536939630755594, 6)
(26, 10, 2.1536939630755594, 6)
(26, 12, 2.1536939630755594, 6)
(26, 13, 2.1536939630755594, 6)
(26, 14, 2.1536939630755594, 6)
(26, 16, 2.1536939630755594, 6)
(26, 17, 2.1536939630755594, 6)
(26, 19, 2.1536939630755594, 6)
(26, 21, 2.1536939630755594, 6)
(26, 22, 2.1536939630755594, 6)
(26, 23, 2.1536939630755594, 6)
(26, 24, 2.1536939630755594, 6)
(26, 25, 2.1536939630755594, 6)
(26, 26, 2.1536939630755594, 6)
(26, 27, 2.1536939630755594, 6)
(26, 28, 2.1536939630755594, 6)
(26, 29, 2.1536939630755594, 6)
(26, 30, 2.1536939630755594, 6)
(26, 31, 2.1536939630755594, 6)
(26, 33, 2.1536939630755594, 6)
(26, 34, 2.1536939630755594, 6)
(26, 35, 2.1536939630755594, 6)
(26, 37, 2.1536939630755594, 6)
(26, 38, 2.1536939630755594, 6)
(26, 39, 2.1536939630755594, 6)
(27, 1, 1.9383245667680036, 6)
(27, 2, 1.9383245667680036, 6)
(27, 3, 1.9383245667680036, 6)
(27, 4, 1.9383245667680036, 6)
(27, 7, 1.9383245667680036, 6)
(27, 8, 1.9383245667680036, 6)
(27, 10, 1.9383245667680036, 6)
(27, 11, 1.9383245667680036, 6)
(27, 12, 1.9383245667680036, 6)
(27, 13, 1.9383245667680036, 9)
(27, 14, 1.9383245667680036, 9)
(27, 16, 1.9383245667680036, 9)
(27, 17, 1.9383245667680036, 9)
(27, 18, 1.9383245667680036, 9)
(27, 20, 1.9383245667680036, 9)
(27, 21, 1.9383245667680036, 9)
(27, 23, 1.9383245667680036, 9)
(27, 25, 1.9383245667680036, 9)
(27, 27, 1.9383245667680036, 9)
(27, 28, 1.9383245667680036, 7)
(27, 29, 1.9383245667680036, 7)
(27, 30, 1.9383245667680036, 7)
(27, 31, 1.9383245667680036, 7)
(27, 32, 1.9383245667680036, 7)
(27, 33, 1.9383245667680036, 7)
(27, 35, 1.9383245667680036, 7)
(27, 36, 1.9383245667680036, 7)
(27, 38, 1.9383245667680036, 7)
(27, 39, 1.9383245667680036, 7)
(27, 40, 1.9383245667680036, 7)
(28, 3, 1.7444921100912032, 7)
(28, 5, 1.7444921100912032, 7)
(28, 6, 1.7444921100912032, 7)
(28, 7, 1.7444921100912032, 7)
(28, 10, 1.7444921100912032, 7)
(28, 11, 1.7444921100912032, 7)
(28, 12, 1.7444921100912032, 7)
(28, 13, 1.7444921100912032, 7)
(28, 16, 1.7444921100912032, 7)
(28, 17, 1.7444921100912032, 7)
(28, 20, 1.7444921100912032, 7)
(28, 21, 1.7444921100912032, 7)
(28, 22, 1.7444921100912032, 7)
(28, 24, 1.7444921100912032, 7)
(28, 25, 1.7444921100912032, 7)
(28, 26, 1.7444921100912032, 7)
(28, 28, 1.7444921100912032, 7)
(28, 31, 1.7444921100912032, 7)
(28, 32, 1.7444921100912032, 7)
(28, 33, 1.7444921100912032, 7)
(28, 36, 1.7444921100912032, 7)
(28, 37, 1.7444921100912032, 7)
(28, 38, 1.7444921100912032, 7)
(28, 39, 1.7444921100912032, 7)
(28, 40, 1.7444921100912032, 7)
(28, 41, 1.7444921100912032, 7)
(28, 42, 1.7444921100912032, 7)
(28, 43, 1.7444921100912032, 11)
(28, 44, 1.7444921100912032, 11)
(28, 45, 1.7444921100912032, 13)
(29, 1, 1.570042899082083, 13)
(29, 2, 1.570042899082083, 13)
(29, 4, 1.570042899082083, 13)
(29, 5, 1.570042899082083, 13)
(29, 6, 1.570042899082083, 11)
(29, 8, 1.570042899082083, 11)
(29, 9, 1.570042899082083, 11)
(29, 11, 1.570042899082083, 11)
(29, 12, 1.570042899082083, 11)
(29, 13, 1.570042899082083, 11)
(29, 14, 1.570042899082083, 11)
(29, 15, 1.570042899082083, 11)
(29, 16, 1.570042899082083, 11)
(29, 18, 1.570042899082083, 11)
(29, 19, 1.570042899082083, 11)
(29, 20, 1.570042899082083, 11)
(29, 21, 1.570042899082083, 11)
(29, 22, 1.570042899082083, 11)
(29, 23, 1.570042899082083, 11)
(29, 24, 1.570042899082083, 11)
(29, 25, 1.570042899082083, 11)
(29, 26, 1.570042899082083, 11)
(29, 28, 1.570042899082083, 11)
(29, 29, 1.570042899082083, 11)
(29, 30, 1.570042899082083, 11)
(29, 31, 1.570042899082083, 11)
(29, 32, 1.570042899082083, 11)
(29, 33, 1.570042899082083, 11)
(29, 34, 1.570042899082083, 11)
(29, 35, 1.570042899082083, 11)
(30, 2, 1.4130386091738747, 11)
(30, 6, 1.4130386091738747, 11)
(30, 7, 1.4130386091738747, 11)
(30, 9, 1.4130386091738747, 13)
(30, 13, 1.4130386091738747, 13)
(30, 14, 1.4130386091738747, 13)
(30, 18, 1.4130386091738747, 13)
(30, 19, 1.4130386091738747, 15)
(30, 20, 1.4130386091738747, 15)
(30, 21, 1.4130386091738747, 15)
(30, 22, 1.4130386091738747, 15)
(30, 23, 1.4130386091738747, 15)
(30, 24, 1.4130386091738747, 15)
(30, 25, 1.4130386091738747, 15)
(30, 26, 1.4130386091738747, 15)
(30, 27, 1.4130386091738747, 15)
(30, 28, 1.4130386091738747, 15)
(30, 29, 1.4130386091738747, 15)
(30, 30, 1.4130386091738747, 15)
(30, 31, 1.4130386091738747, 15)
(30, 32, 1.4130386091738747, 15)
(30, 33, 1.4130386091738747, 15)
(30, 34, 1.4130386091738747, 15)
(30, 35, 1.4130386091738747, 15)
(30, 36, 1.4130386091738747, 15)
(30, 37, 1.4130386091738747, 15)
(30, 38, 1.4130386091738747, 15)
(30, 39, 1.4130386091738747, 15)
(30, 40, 1.4130386091738747, 13)
(30, 41, 1.4130386091738747, 13)
(31, 1, 1.2717347482564874, 11)
(31, 2, 1.2717347482564874, 11)
(31, 3, 1.2717347482564874, 11)
(31, 5, 1.2717347482564874, 11)
(31, 7, 1.2717347482564874, 11)
(31, 9, 1.2717347482564874, 8)
(31, 10, 1.2717347482564874, 8)
(31, 11, 1.2717347482564874, 8)
(31, 12, 1.2717347482564874, 8)
(31, 13, 1.2717347482564874, 8)
(31, 14, 1.2717347482564874, 8)
(31, 15, 1.2717347482564874, 8)
(31, 16, 1.2717347482564874, 8)
(31, 17, 1.2717347482564874, 8)
(31, 20, 1.2717347482564874, 8)
(31, 21, 1.2717347482564874, 8)
(31, 22, 1.2717347482564874, 8)
(31, 23, 1.2717347482564874, 8)
(31, 24, 1.2717347482564874, 8)
(31, 25, 1.2717347482564874, 8)
(31, 26, 1.2717347482564874, 8)
(31, 27, 1.2717347482564874, 8)
(31, 28, 1.2717347482564874, 8)
(31, 29, 1.2717347482564874, 8)
(31, 30, 1.2717347482564874, 8)
(31, 32, 1.2717347482564874, 8)
(31, 33, 1.2717347482564874, 8)
(31, 34, 1.2717347482564874, 8)
(31, 36, 1.2717347482564874, 8)
(31, 37, 1.2717347482564874, 8)
(32, 1, 1.1445612734308386, 8)
(32, 2, 1.1445612734308386, 11)
(32, 4, 1.1445612734308386, 11)
(32, 5, 1.1445612734308386, 11)
(32, 6, 1.1445612734308386, 11)
(32, 7, 1.1445612734308386, 4)
(32, 9, 1.1445612734308386, 4)
(32, 11, 1.1445612734308386, 4)
(32, 12, 1.1445612734308386, 4)
(32, 13, 1.1445612734308386, 4)
(32, 14, 1.1445612734308386, 4)
(32, 15, 1.1445612734308386, 4)
(32, 17, 1.1445612734308386, 4)
(32, 18, 1.1445612734308386, 4)
(32, 20, 1.1445612734308386, 4)
(32, 21, 1.1445612734308386, 4)
(32, 22, 1.1445612734308386, 4)
(32, 23, 1.1445612734308386, 4)
(32, 24, 1.1445612734308386, 4)
(32, 26, 1.1445612734308386, 4)
(32, 28, 1.1445612734308386, 4)
(32, 30, 1.1445612734308386, 4)
(32, 31, 1.1445612734308386, 4)
(32, 32, 1.1445612734308386, 4)
(32, 33, 1.1445612734308386, 4)
(32, 34, 1.1445612734308386, 4)
(32, 35, 1.1445612734308386, 4)
(32, 36, 1.1445612734308386, 4)
(32, 37, 1.1445612734308386, 4)
(32, 38, 1.1445612734308386, 4)
(33, 1, 1.0301051460877548, 4)
(33, 2, 1.0301051460877548, 4)
(33, 3, 1.0301051460877548, 4)
(33, 4, 1.0301051460877548, 4)
(33, 5, 1.0301051460877548, 4)
(33, 6, 1.0301051460877548, 4)
(33, 7, 1.0301051460877548, 4)
(33, 9, 1.0301051460877548, 4)
(33, 10, 1.0301051460877548, 4)
(33, 11, 1.0301051460877548, 4)
(33, 12, 1.0301051460877548, 4)
(33, 14, 1.0301051460877548, 4)
(33, 15, 1.0301051460877548, 4)
(33, 16, 1.0301051460877548, 4)
(33, 17, 1.0301051460877548, 4)
(33, 18, 1.0301051460877548, 4)
(33, 19, 1.0301051460877548, 4)
(33, 20, 1.0301051460877548, 4)
(33, 21, 1.0301051460877548, 4)
(33, 22, 1.0301051460877548, 4)
(33, 23, 1.0301051460877548, 4)
(33, 24, 1.0301051460877548, 4)
(33, 26, 1.0301051460877548, 4)
(33, 27, 1.0301051460877548, 4)
(33, 29, 1.0301051460877548, 4)
(33, 31, 1.0301051460877548, 4)
(33, 32, 1.0301051460877548, 4)
(33, 33, 1.0301051460877548, 4)
(33, 34, 1.0301051460877548, 4)
(33, 35, 1.0301051460877548, 4)
(34, 2, 0.9270946314789794, 4)
(34, 3, 0.9270946314789794, 4)
(34, 4, 0.9270946314789794, 4)
(34, 6, 0.9270946314789794, 4)
(34, 7, 0.9270946314789794, 4)
(34, 8, 0.9270946314789794, 4)
(34, 9, 0.9270946314789794, 4)
(34, 10, 0.9270946314789794, 4)
(34, 11, 0.9270946314789794, 4)
(34, 12, 0.9270946314789794, 4)
(34, 14, 0.9270946314789794, 4)
(34, 15, 0.9270946314789794, 4)
(34, 16, 0.9270946314789794, 4)
(34, 17, 0.9270946314789794, 4)
(34, 19, 0.9270946314789794, 4)
(34, 24, 0.9270946314789794, 4)
(34, 25, 0.9270946314789794, 4)
(34, 27, 0.9270946314789794, 4)
(34, 28, 0.9270946314789794, 4)
(34, 31, 0.9270946314789794, 4)
(34, 32, 0.9270946314789794, 4)
(34, 33, 0.9270946314789794, 4)
(34, 34, 0.9270946314789794, 4)
(34, 35, 0.9270946314789794, 4)
(34, 36, 0.9270946314789794, 4)
(34, 38, 0.9270946314789794, 9)
(34, 39, 0.9270946314789794, 9)
(34, 40, 0.9270946314789794, 9)
(34, 41, 0.9270946314789794, 6)
(34, 42, 0.9270946314789794, 6)
(35, 1, 0.8343851683310815, 6)
(35, 2, 0.8343851683310815, 6)
(35, 3, 0.8343851683310815, 6)
(35, 5, 0.8343851683310815, 6)
(35, 8, 0.8343851683310815, 6)
(35, 9, 0.8343851683310815, 6)
(35, 10, 0.8343851683310815, 6)
(35, 12, 0.8343851683310815, 6)
(35, 13, 0.8343851683310815, 6)
(35, 14, 0.8343851683310815, 6)
(35, 15, 0.8343851683310815, 6)
(35, 17, 0.8343851683310815, 6)
(35, 18, 0.8343851683310815, 6)
(35, 19, 0.8343851683310815, 6)
(35, 20, 0.8343851683310815, 4)
(35, 21, 0.8343851683310815, 4)
(35, 22, 0.8343851683310815, 4)
(35, 25, 0.8343851683310815, 4)
(35, 26, 0.8343851683310815, 4)
(35, 29, 0.8343851683310815, 4)
(35, 30, 0.8343851683310815, 4)
(35, 32, 0.8343851683310815, 4)
(35, 33, 0.8343851683310815, 4)
(35, 34, 0.8343851683310815, 4)
(35, 35, 0.8343851683310815, 4)
(35, 36, 0.8343851683310815, 4)
(35, 37, 0.8343851683310815, 4)
(35, 38, 0.8343851683310815, 4)
(35, 42, 0.8343851683310815, 4)
(35, 44, 0.8343851683310815, 4)
(36, 1, 0.7509466514979733, 4)
(36, 2, 0.7509466514979733, 4)
(36, 3, 0.7509466514979733, 4)
(36, 4, 0.7509466514979733, 4)
(36, 5, 0.7509466514979733, 4)
(36, 6, 0.7509466514979733, 4)
(36, 7, 0.7509466514979733, 4)
(36, 8, 0.7509466514979733, 4)
(36, 9, 0.7509466514979733, 4)
(36, 10, 0.7509466514979733, 4)
(36, 13, 0.7509466514979733, 4)
(36, 14, 0.7509466514979733, 4)
(36, 16, 0.7509466514979733, 4)
(36, 17, 0.7509466514979733, 4)
(36, 19, 0.7509466514979733, 4)
(36, 21, 0.7509466514979733, 4)
(36, 22, 0.7509466514979733, 4)
(36, 24, 0.7509466514979733, 4)
(36, 25, 0.7509466514979733, 4)
(36, 26, 0.7509466514979733, 4)
(36, 30, 0.7509466514979733, 4)
(36, 31, 0.7509466514979733, 4)
(36, 35, 0.7509466514979733, 4)
(36, 37, 0.7509466514979733, 4)
(36, 38, 0.7509466514979733, 4)
(36, 39, 0.7509466514979733, 4)
(36, 40, 0.7509466514979733, 4)
(36, 42, 0.7509466514979733, 4)
(36, 43, 0.7509466514979733, 4)
(36, 44, 0.7509466514979733, 4)
(37, 2, 0.675851986348176, 4)
(37, 3, 0.675851986348176, 4)
(37, 5, 0.675851986348176, 4)
(37, 7, 0.675851986348176, 4)
(37, 8, 0.675851986348176, 4)
(37, 9, 0.675851986348176, 4)
(37, 10, 0.675851986348176, 4)
(37, 12, 0.675851986348176, 4)
(37, 15, 0.675851986348176, 4)
(37, 16, 0.675851986348176, 4)
(37, 17, 0.675851986348176, 4)
(37, 18, 0.675851986348176, 4)
(37, 21, 0.675851986348176, 4)
(37, 22, 0.675851986348176, 4)
(37, 23, 0.675851986348176, 4)
(37, 25, 0.675851986348176, 4)
(37, 26, 0.675851986348176, 4)
(37, 27, 0.675851986348176, 4)
(37, 28, 0.675851986348176, 4)
(37, 29, 0.675851986348176, 4)
(37, 31, 0.675851986348176, 4)
(37, 34, 0.675851986348176, 4)
(37, 35, 0.675851986348176, 4)
(37, 37, 0.675851986348176, 4)
(37, 39, 0.675851986348176, 4)
(37, 40, 0.675851986348176, 4)
(37, 41, 0.675851986348176, 4)
(37, 42, 0.675851986348176, 4)
(37, 43, 0.675851986348176, 4)
(37, 44, 0.675851986348176, 4)
(38, 1, 0.6082667877133584, 4)
(38, 2, 0.6082667877133584, 4)
(38, 3, 0.6082667877133584, 4)
(38, 5, 0.6082667877133584, 4)
(38, 7, 0.6082667877133584, 4)
(38, 8, 0.6082667877133584, 4)
(38, 9, 0.6082667877133584, 4)
(38, 10, 0.6082667877133584, 4)
(38, 12, 0.6082667877133584, 4)
(38, 13, 0.6082667877133584, 4)
(38, 15, 0.6082667877133584, 4)
(38, 17, 0.6082667877133584, 4)
(38, 18, 0.6082667877133584, 4)
(38, 20, 0.6082667877133584, 4)
(38, 21, 0.6082667877133584, 4)
(38, 22, 0.6082667877133584, 4)
(38, 24, 0.6082667877133584, 4)
(38, 25, 0.6082667877133584, 4)
(38, 26, 0.6082667877133584, 4)
(38, 27, 0.6082667877133584, 4)
(38, 28, 0.6082667877133584, 4)
(38, 31, 0.6082667877133584, 4)
(38, 32, 0.6082667877133584, 4)
(38, 34, 0.6082667877133584, 4)
(38, 35, 0.6082667877133584, 4)
(38, 37, 0.6082667877133584, 4)
(38, 38, 0.6082667877133584, 4)
(38, 39, 0.6082667877133584, 4)
(38, 40, 0.6082667877133584, 4)
(38, 41, 0.6082667877133584, 4)
(39, 1, 0.5474401089420226, 4)
(39, 2, 0.5474401089420226, 4)
(39, 3, 0.5474401089420226, 4)
(39, 4, 0.5474401089420226, 4)
(39, 5, 0.5474401089420226, 4)
(39, 6, 0.5474401089420226, 4)
(39, 7, 0.5474401089420226, 4)
(39, 8, 0.5474401089420226, 4)
(39, 9, 0.5474401089420226, 4)
(39, 11, 0.5474401089420226, 4)
(39, 13, 0.5474401089420226, 4)
(39, 14, 0.5474401089420226, 4)
(39, 15, 0.5474401089420226, 4)
(39, 16, 0.5474401089420226, 4)
(39, 20, 0.5474401089420226, 4)
(39, 21, 0.5474401089420226, 4)
(39, 22, 0.5474401089420226, 4)
(39, 23, 0.5474401089420226, 4)
(39, 24, 0.5474401089420226, 4)
(39, 28, 0.5474401089420226, 4)
(39, 31, 0.5474401089420226, 4)
(39, 33, 0.5474401089420226, 4)
(39, 34, 0.5474401089420226, 4)
(39, 35, 0.5474401089420226, 4)
(39, 36, 0.5474401089420226, 4)
(39, 37, 0.5474401089420226, 4)
(39, 40, 0.5474401089420226, 4)
(39, 41, 0.5474401089420226, 4)
(39, 42, 0.5474401089420226, 4)
(39, 43, 0.5474401089420226, 4)
(40, 1, 0.49269609804782033, 4)
(40, 2, 0.49269609804782033, 4)
(40, 3, 0.49269609804782033, 4)
(40, 4, 0.49269609804782033, 4)
(40, 5, 0.49269609804782033, 4)
(40, 7, 0.49269609804782033, 4)
(40, 9, 0.49269609804782033, 4)
(40, 10, 0.49269609804782033, 4)
(40, 11, 0.49269609804782033, 4)
(40, 12, 0.49269609804782033, 4)
(40, 13, 0.49269609804782033, 4)
(40, 14, 0.49269609804782033, 4)
(40, 16, 0.49269609804782033, 4)
(40, 17, 0.49269609804782033, 4)
(40, 18, 0.49269609804782033, 4)
(40, 20, 0.49269609804782033, 4)
(40, 21, 0.49269609804782033, 4)
(40, 26, 0.49269609804782033, 4)
(40, 27, 0.49269609804782033, 4)
(40, 29, 0.49269609804782033, 4)
(40, 30, 0.49269609804782033, 4)
(40, 32, 0.49269609804782033, 4)
(40, 33, 0.49269609804782033, 4)
(40, 37, 0.49269609804782033, 4)
(40, 38, 0.49269609804782033, 4)
(40, 39, 0.49269609804782033, 4)
(40, 40, 0.49269609804782033, 4)
(40, 41, 0.49269609804782033, 4)
(40, 42, 0.49269609804782033, 4)
(40, 43, 0.49269609804782033, 4)
(41, 2, 0.4434264882430383, 4)
(41, 4, 0.4434264882430383, 4)
(41, 5, 0.4434264882430383, 4)
(41, 9, 0.4434264882430383, 4)
(41, 10, 0.4434264882430383, 4)
(41, 11, 0.4434264882430383, 4)
(41, 12, 0.4434264882430383, 4)
(41, 13, 0.4434264882430383, 4)
(41, 15, 0.4434264882430383, 4)
(41, 16, 0.4434264882430383, 4)
(41, 18, 0.4434264882430383, 4)
(41, 19, 0.4434264882430383, 4)
(41, 20, 0.4434264882430383, 4)
(41, 21, 0.4434264882430383, 4)
(41, 22, 0.4434264882430383, 4)
(41, 25, 0.4434264882430383, 4)
(41, 26, 0.4434264882430383, 4)
(41, 28, 0.4434264882430383, 4)
(41, 29, 0.4434264882430383, 4)
(41, 30, 0.4434264882430383, 4)
(41, 31, 0.4434264882430383, 4)
(41, 32, 0.4434264882430383, 4)
(41, 35, 0.4434264882430383, 4)
(41, 37, 0.4434264882430383, 4)
(41, 38, 0.4434264882430383, 4)
(41, 39, 0.4434264882430383, 4)
(41, 44, 0.4434264882430383, 4)
(41, 46, 0.4434264882430383, 4)
(41, 50, 0.4434264882430383, 4)
(41, 52, 0.4434264882430383, 4)
(42, 2, 0.3990838394187345, 4)
(42, 3, 0.3990838394187345, 4)
(42, 5, 0.3990838394187345, 4)
(42, 6, 0.3990838394187345, 4)
(42, 11, 0.3990838394187345, 4)
(42, 12, 0.3990838394187345, 4)
(42, 13, 0.3990838394187345, 4)
(42, 14, 0.3990838394187345, 4)
(42, 15, 0.3990838394187345, 4)
(42, 16, 0.3990838394187345, 4)
(42, 18, 0.3990838394187345, 4)
(42, 19, 0.3990838394187345, 4)
(42, 20, 0.3990838394187345, 4)
(42, 23, 0.3990838394187345, 4)
(42, 24, 0.3990838394187345, 4)
(42, 28, 0.3990838394187345, 4)
(42, 29, 0.3990838394187345, 4)
(42, 30, 0.3990838394187345, 4)
(42, 31, 0.3990838394187345, 4)
(42, 32, 0.3990838394187345, 4)
(42, 33, 0.3990838394187345, 4)
(42, 34, 0.3990838394187345, 4)
(42, 38, 0.3990838394187345, 4)
(42, 39, 0.3990838394187345, 4)
(42, 40, 0.3990838394187345, 4)
(42, 42, 0.3990838394187345, 4)
(42, 43, 0.3990838394187345, 4)
(42, 44, 0.3990838394187345, 4)
(42, 45, 0.3990838394187345, 4)
(42, 46, 0.3990838394187345, 4)
(43, 1, 0.359175455476861, 4)
(43, 2, 0.359175455476861, 4)
(43, 3, 0.359175455476861, 4)
(43, 5, 0.359175455476861, 4)
(43, 6, 0.359175455476861, 4)
(43, 7, 0.359175455476861, 4)
(43, 10, 0.359175455476861, 4)
(43, 11, 0.359175455476861, 4)
(43, 12, 0.359175455476861, 4)
(43, 14, 0.359175455476861, 4)
(43, 15, 0.359175455476861, 4)
(43, 16, 0.359175455476861, 4)
(43, 17, 0.359175455476861, 4)
(43, 18, 0.359175455476861, 4)
(43, 19, 0.359175455476861, 4)
(43, 20, 0.359175455476861, 4)
(43, 21, 0.359175455476861, 4)
(43, 22, 0.359175455476861, 4)
(43, 23, 0.359175455476861, 4)
(43, 24, 0.359175455476861, 4)
(43, 25, 0.359175455476861, 4)
(43, 28, 0.359175455476861, 4)
(43, 29, 0.359175455476861, 4)
(43, 31, 0.359175455476861, 4)
(43, 33, 0.359175455476861, 4)
(43, 34, 0.359175455476861, 4)
(43, 36, 0.359175455476861, 4)
(43, 38, 0.359175455476861, 4)
(43, 39, 0.359175455476861, 4)
(43, 42, 0.359175455476861, 4)
(44, 2, 0.3232579099291749, 4)
(44, 4, 0.3232579099291749, 4)
(44, 5, 0.3232579099291749, 4)
(44, 6, 0.3232579099291749, 4)
(44, 7, 0.3232579099291749, 4)
(44, 8, 0.3232579099291749, 4)
(44, 9, 0.3232579099291749, 4)
(44, 11, 0.3232579099291749, 4)
(44, 12, 0.3232579099291749, 4)
(44, 13, 0.3232579099291749, 4)
(44, 14, 0.3232579099291749, 4)
(44, 16, 0.3232579099291749, 4)
(44, 18, 0.3232579099291749, 4)
(44, 20, 0.3232579099291749, 4)
(44, 21, 0.3232579099291749, 4)
(44, 22, 0.3232579099291749, 4)
(44, 23, 0.3232579099291749, 4)
(44, 24, 0.3232579099291749, 4)
(44, 27, 0.3232579099291749, 4)
(44, 29, 0.3232579099291749, 4)
(44, 30, 0.3232579099291749, 4)
(44, 31, 0.3232579099291749, 4)
(44, 33, 0.3232579099291749, 4)
(44, 34, 0.3232579099291749, 4)
(44, 35, 0.3232579099291749, 4)
(44, 37, 0.3232579099291749, 4)
(44, 38, 0.3232579099291749, 4)
(44, 39, 0.3232579099291749, 4)
(44, 41, 0.3232579099291749, 4)
(44, 44, 0.3232579099291749, 4)
(45, 1, 0.2909321189362574, 4)
(45, 2, 0.2909321189362574, 4)
(45, 3, 0.2909321189362574, 4)
(45, 4, 0.2909321189362574, 4)
(45, 6, 0.2909321189362574, 4)
(45, 7, 0.2909321189362574, 4)
(45, 10, 0.2909321189362574, 4)
(45, 11, 0.2909321189362574, 4)
(45, 12, 0.2909321189362574, 4)
(45, 13, 0.2909321189362574, 4)
(45, 14, 0.2909321189362574, 4)
(45, 15, 0.2909321189362574, 4)
(45, 16, 0.2909321189362574, 4)
(45, 17, 0.2909321189362574, 4)
(45, 19, 0.2909321189362574, 4)
(45, 21, 0.2909321189362574, 4)
(45, 22, 0.2909321189362574, 4)
(45, 23, 0.2909321189362574, 4)
(45, 24, 0.2909321189362574, 4)
(45, 25, 0.2909321189362574, 4)
(45, 26, 0.2909321189362574, 4)
(45, 27, 0.2909321189362574, 4)
(45, 28, 0.2909321189362574, 4)
(45, 29, 0.2909321189362574, 4)
(45, 30, 0.2909321189362574, 4)
(45, 32, 0.2909321189362574, 4)
(45, 33, 0.2909321189362574, 4)
(45, 35, 0.2909321189362574, 4)
(45, 37, 0.2909321189362574, 4)
(45, 38, 0.2909321189362574, 4)
(46, 1, 0.2618389070426317, 4)
(46, 4, 0.2618389070426317, 4)
(46, 5, 0.2618389070426317, 4)
(46, 6, 0.2618389070426317, 4)
(46, 7, 0.2618389070426317, 4)
(46, 8, 0.2618389070426317, 4)
(46, 11, 0.2618389070426317, 4)
(46, 12, 0.2618389070426317, 4)
(46, 14, 0.2618389070426317, 4)
(46, 15, 0.2618389070426317, 4)
(46, 16, 0.2618389070426317, 4)
(46, 17, 0.2618389070426317, 4)
(46, 18, 0.2618389070426317, 4)
(46, 19, 0.2618389070426317, 4)
(46, 20, 0.2618389070426317, 4)
(46, 21, 0.2618389070426317, 4)
(46, 22, 0.2618389070426317, 4)
(46, 23, 0.2618389070426317, 4)
(46, 26, 0.2618389070426317, 4)
(46, 28, 0.2618389070426317, 4)
(46, 29, 0.2618389070426317, 4)
(46, 32, 0.2618389070426317, 4)
(46, 33, 0.2618389070426317, 4)
(46, 34, 0.2618389070426317, 4)
(46, 36, 0.2618389070426317, 4)
(46, 38, 0.2618389070426317, 4)
(46, 40, 0.2618389070426317, 4)
(46, 41, 0.2618389070426317, 4)
(46, 42, 0.2618389070426317, 4)
(46, 45, 0.2618389070426317, 4)
(47, 1, 0.23565501633836852, 4)
(47, 2, 0.23565501633836852, 4)
(47, 3, 0.23565501633836852, 4)
(47, 5, 0.23565501633836852, 4)
(47, 7, 0.23565501633836852, 4)
(47, 8, 0.23565501633836852, 4)
(47, 10, 0.23565501633836852, 4)
(47, 11, 0.23565501633836852, 4)
(47, 12, 0.23565501633836852, 4)
(47, 13, 0.23565501633836852, 4)
(47, 14, 0.23565501633836852, 4)
(47, 15, 0.23565501633836852, 4)
(47, 17, 0.23565501633836852, 4)
(47, 18, 0.23565501633836852, 4)
(47, 21, 0.23565501633836852, 4)
(47, 25, 0.23565501633836852, 4)
(47, 27, 0.23565501633836852, 4)
(47, 29, 0.23565501633836852, 4)
(47, 30, 0.23565501633836852, 4)
(47, 31, 0.23565501633836852, 4)
(47, 32, 0.23565501633836852, 4)
(47, 36, 0.23565501633836852, 4)
(47, 37, 0.23565501633836852, 4)
(47, 38, 0.23565501633836852, 4)
(47, 39, 0.23565501633836852, 4)
(47, 40, 0.23565501633836852, 4)
(47, 41, 0.23565501633836852, 4)
(47, 42, 0.23565501633836852, 4)
(47, 43, 0.23565501633836852, 4)
(47, 45, 0.23565501633836852, 4)
(48, 2, 0.21208951470453166, 4)
(48, 3, 0.21208951470453166, 4)
(48, 4, 0.21208951470453166, 4)
(48, 5, 0.21208951470453166, 4)
(48, 6, 0.21208951470453166, 4)
(48, 7, 0.21208951470453166, 4)
(48, 8, 0.21208951470453166, 4)
(48, 10, 0.21208951470453166, 4)
(48, 12, 0.21208951470453166, 4)
(48, 14, 0.21208951470453166, 4)
(48, 15, 0.21208951470453166, 4)
(48, 19, 0.21208951470453166, 4)
(48, 20, 0.21208951470453166, 4)
(48, 21, 0.21208951470453166, 4)
(48, 23, 0.21208951470453166, 4)
(48, 24, 0.21208951470453166, 4)
(48, 25, 0.21208951470453166, 4)
(48, 29, 0.21208951470453166, 4)
(48, 31, 0.21208951470453166, 4)
(48, 32, 0.21208951470453166, 4)
(48, 35, 0.21208951470453166, 4)
(48, 36, 0.21208951470453166, 4)
(48, 39, 0.21208951470453166, 4)
(48, 40, 0.21208951470453166, 4)
(48, 41, 0.21208951470453166, 4)
(48, 42, 0.21208951470453166, 4)
(48, 43, 0.21208951470453166, 4)
(48, 44, 0.21208951470453166, 4)
(48, 45, 0.21208951470453166, 4)
(48, 46, 0.21208951470453166, 4)
(49, 4, 0.1908805632340785, 4)
(49, 5, 0.1908805632340785, 4)
(49, 7, 0.1908805632340785, 4)
(49, 8, 0.1908805632340785, 4)
(49, 10, 0.1908805632340785, 4)
(49, 12, 0.1908805632340785, 4)
(49, 14, 0.1908805632340785, 4)
(49, 16, 0.1908805632340785, 4)
(49, 17, 0.1908805632340785, 4)
(49, 21, 0.1908805632340785, 4)
(49, 23, 0.1908805632340785, 4)
(49, 25, 0.1908805632340785, 4)
(49, 26, 0.1908805632340785, 4)
(49, 28, 0.1908805632340785, 4)
(49, 29, 0.1908805632340785, 4)
(49, 30, 0.1908805632340785, 4)
(49, 31, 0.1908805632340785, 4)
(49, 33, 0.1908805632340785, 4)
(49, 34, 0.1908805632340785, 4)
(49, 35, 0.1908805632340785, 4)
(49, 37, 0.1908805632340785, 4)
(49, 38, 0.1908805632340785, 4)
(49, 39, 0.1908805632340785, 4)
(49, 40, 0.1908805632340785, 4)
(49, 41, 0.1908805632340785, 4)
(49, 43, 0.1908805632340785, 4)
(49, 47, 0.1908805632340785, 4)
(49, 49, 0.1908805632340785, 4)
(49, 50, 0.1908805632340785, 4)
(49, 52, 0.1908805632340785, 4)
(50, 1, 0.17179250691067066, 4)
(50, 2, 0.17179250691067066, 4)
(50, 4, 0.17179250691067066, 4)
(50, 6, 0.17179250691067066, 4)
(50, 9, 0.17179250691067066, 4)
(50, 10, 0.17179250691067066, 4)
(50, 11, 0.17179250691067066, 4)
(50, 12, 0.17179250691067066, 4)
(50, 13, 0.17179250691067066, 4)
(50, 15, 0.17179250691067066, 4)
(50, 16, 0.17179250691067066, 4)
(50, 17, 0.17179250691067066, 4)
(50, 21, 0.17179250691067066, 4)
(50, 26, 0.17179250691067066, 4)
(50, 29, 0.17179250691067066, 4)
(50, 30, 0.17179250691067066, 4)
(50, 32, 0.17179250691067066, 4)
(50, 36, 0.17179250691067066, 4)
(50, 39, 0.17179250691067066, 4)
(50, 42, 0.17179250691067066, 4)
(50, 44, 0.17179250691067066, 4)
(50, 45, 0.17179250691067066, 4)
(50, 46, 0.17179250691067066, 4)
(50, 47, 0.17179250691067066, 4)
(50, 49, 0.17179250691067066, 4)
(50, 50, 0.17179250691067066, 4)
(50, 51, 0.17179250691067066, 4)
(50, 52, 0.17179250691067066, 4)
(50, 54, 0.17179250691067066, 4)
(50, 55, 0.17179250691067066, 4)
(51, 2, 0.1546132562196036, 4)
(51, 3, 0.1546132562196036, 4)
(51, 4, 0.1546132562196036, 4)
(51, 7, 0.1546132562196036, 4)
(51, 8, 0.1546132562196036, 4)
(51, 9, 0.1546132562196036, 4)
(51, 10, 0.1546132562196036, 4)
(51, 11, 0.1546132562196036, 4)
(51, 12, 0.1546132562196036, 4)
(51, 13, 0.1546132562196036, 4)
(51, 14, 0.1546132562196036, 4)
(51, 15, 0.1546132562196036, 4)
(51, 16, 0.1546132562196036, 4)
(51, 18, 0.1546132562196036, 4)
(51, 20, 0.1546132562196036, 4)
(51, 21, 0.1546132562196036, 4)
(51, 22, 0.1546132562196036, 4)
(51, 23, 0.1546132562196036, 4)
(51, 24, 0.1546132562196036, 4)
(51, 25, 0.1546132562196036, 4)
(51, 26, 0.1546132562196036, 4)
(51, 28, 0.1546132562196036, 4)
(51, 29, 0.1546132562196036, 4)
(51, 30, 0.1546132562196036, 4)
(51, 31, 0.1546132562196036, 4)
(51, 32, 0.1546132562196036, 4)
(51, 33, 0.1546132562196036, 4)
(51, 35, 0.1546132562196036, 4)
(51, 36, 0.1546132562196036, 4)
(51, 37, 0.1546132562196036, 4)
(52, 2, 0.13915193059764325, 4)
(52, 3, 0.13915193059764325, 4)
(52, 4, 0.13915193059764325, 4)
(52, 6, 0.13915193059764325, 4)
(52, 7, 0.13915193059764325, 4)
(52, 8, 0.13915193059764325, 4)
(52, 9, 0.13915193059764325, 4)
(52, 10, 0.13915193059764325, 4)
(52, 11, 0.13915193059764325, 4)
(52, 12, 0.13915193059764325, 4)
(52, 13, 0.13915193059764325, 4)
(52, 15, 0.13915193059764325, 4)
(52, 16, 0.13915193059764325, 4)
(52, 17, 0.13915193059764325, 4)
(52, 19, 0.13915193059764325, 4)
(52, 21, 0.13915193059764325, 4)
(52, 22, 0.13915193059764325, 4)
(52, 24, 0.13915193059764325, 4)
(52, 25, 0.13915193059764325, 4)
(52, 26, 0.13915193059764325, 4)
(52, 27, 0.13915193059764325, 4)
(52, 28, 0.13915193059764325, 4)
(52, 30, 0.13915193059764325, 4)
(52, 31, 0.13915193059764325, 4)
(52, 32, 0.13915193059764325, 4)
(52, 34, 0.13915193059764325, 4)
(52, 36, 0.13915193059764325, 4)
(52, 37, 0.13915193059764325, 4)
(52, 38, 0.13915193059764325, 4)
(52, 40, 0.13915193059764325, 4)
(53, 1, 0.12523673753787892, 4)
(53, 3, 0.12523673753787892, 4)
(53, 4, 0.12523673753787892, 4)
(53, 6, 0.12523673753787892, 4)
(53, 7, 0.12523673753787892, 4)
(53, 9, 0.12523673753787892, 4)
(53, 10, 0.12523673753787892, 4)
(53, 12, 0.12523673753787892, 4)
(53, 13, 0.12523673753787892, 4)
(53, 14, 0.12523673753787892, 4)
(53, 15, 0.12523673753787892, 4)
(53, 20, 0.12523673753787892, 4)
(53, 22, 0.12523673753787892, 4)
(53, 25, 0.12523673753787892, 4)
(53, 26, 0.12523673753787892, 4)
(53, 29, 0.12523673753787892, 4)
(53, 31, 0.12523673753787892, 4)
(53, 33, 0.12523673753787892, 4)
(53, 37, 0.12523673753787892, 4)
(53, 38, 0.12523673753787892, 4)
(53, 39, 0.12523673753787892, 4)
(53, 41, 0.12523673753787892, 4)
(53, 42, 0.12523673753787892, 4)
(53, 46, 0.12523673753787892, 4)
(53, 47, 0.12523673753787892, 4)
(53, 48, 0.12523673753787892, 4)
(53, 52, 0.12523673753787892, 4)
(53, 54, 0.12523673753787892, 4)
(53, 56, 0.12523673753787892, 4)
(53, 58, 0.12523673753787892, 4)
(54, 2, 0.11271306378409103, 4)
(54, 3, 0.11271306378409103, 4)
(54, 4, 0.11271306378409103, 4)
(54, 5, 0.11271306378409103, 4)
(54, 8, 0.11271306378409103, 4)
(54, 9, 0.11271306378409103, 4)
(54, 11, 0.11271306378409103, 4)
(54, 12, 0.11271306378409103, 4)
(54, 13, 0.11271306378409103, 4)
(54, 14, 0.11271306378409103, 4)
(54, 16, 0.11271306378409103, 4)
(54, 17, 0.11271306378409103, 4)
(54, 18, 0.11271306378409103, 4)
(54, 19, 0.11271306378409103, 4)
(54, 20, 0.11271306378409103, 4)
(54, 21, 0.11271306378409103, 4)
(54, 22, 0.11271306378409103, 4)
(54, 23, 0.11271306378409103, 4)
(54, 24, 0.11271306378409103, 4)
(54, 25, 0.11271306378409103, 4)
(54, 28, 0.11271306378409103, 4)
(54, 29, 0.11271306378409103, 4)
(54, 30, 0.11271306378409103, 4)
(54, 31, 0.11271306378409103, 4)
(54, 33, 0.11271306378409103, 4)
(54, 35, 0.11271306378409103, 4)
(54, 41, 0.11271306378409103, 4)
(54, 42, 0.11271306378409103, 4)
(54, 43, 0.11271306378409103, 4)
(54, 44, 0.11271306378409103, 4)
(55, 1, 0.10144175740568193, 4)
(55, 2, 0.10144175740568193, 4)
(55, 3, 0.10144175740568193, 4)
(55, 4, 0.10144175740568193, 4)
(55, 5, 0.10144175740568193, 4)
(55, 6, 0.10144175740568193, 4)
(55, 7, 0.10144175740568193, 4)
(55, 8, 0.10144175740568193, 4)
(55, 9, 0.10144175740568193, 4)
(55, 10, 0.10144175740568193, 4)
(55, 12, 0.10144175740568193, 4)
(55, 13, 0.10144175740568193, 4)
(55, 14, 0.10144175740568193, 4)
(55, 15, 0.10144175740568193, 4)
(55, 16, 0.10144175740568193, 4)
(55, 19, 0.10144175740568193, 4)
(55, 20, 0.10144175740568193, 4)
(55, 21, 0.10144175740568193, 4)
(55, 22, 0.10144175740568193, 4)
(55, 23, 0.10144175740568193, 4)
(55, 24, 0.10144175740568193, 4)
(55, 26, 0.10144175740568193, 4)
(55, 27, 0.10144175740568193, 4)
(55, 28, 0.10144175740568193, 4)
(55, 29, 0.10144175740568193, 4)
(55, 31, 0.10144175740568193, 4)
(55, 32, 0.10144175740568193, 4)
(55, 34, 0.10144175740568193, 4)
(55, 35, 0.10144175740568193, 4)
(55, 36, 0.10144175740568193, 4)
(56, 2, 0.09129758166511373, 4)
(56, 3, 0.09129758166511373, 4)
(56, 4, 0.09129758166511373, 4)
(56, 6, 0.09129758166511373, 4)
(56, 7, 0.09129758166511373, 4)
(56, 8, 0.09129758166511373, 4)
(56, 9, 0.09129758166511373, 4)
(56, 10, 0.09129758166511373, 4)
(56, 13, 0.09129758166511373, 4)
(56, 14, 0.09129758166511373, 4)
(56, 16, 0.09129758166511373, 4)
(56, 17, 0.09129758166511373, 4)
(56, 18, 0.09129758166511373, 4)
(56, 19, 0.09129758166511373, 4)
(56, 21, 0.09129758166511373, 4)
(56, 22, 0.09129758166511373, 4)
(56, 23, 0.09129758166511373, 4)
(56, 25, 0.09129758166511373, 4)
(56, 26, 0.09129758166511373, 4)
(56, 27, 0.09129758166511373, 4)
(56, 29, 0.09129758166511373, 4)
(56, 31, 0.09129758166511373, 4)
(56, 32, 0.09129758166511373, 4)
(56, 34, 0.09129758166511373, 4)
(56, 35, 0.09129758166511373, 4)
(56, 36, 0.09129758166511373, 4)
(56, 37, 0.09129758166511373, 4)
(56, 38, 0.09129758166511373, 4)
(56, 40, 0.09129758166511373, 4)
(56, 41, 0.09129758166511373, 4)
(57, 2, 0.08216782349860235, 4)
(57, 4, 0.08216782349860235, 4)
(57, 5, 0.08216782349860235, 4)
(57, 7, 0.08216782349860235, 4)
(57, 8, 0.08216782349860235, 4)
(57, 10, 0.08216782349860235, 4)
(57, 12, 0.08216782349860235, 4)
(57, 13, 0.08216782349860235, 4)
(57, 14, 0.08216782349860235, 4)
(57, 15, 0.08216782349860235, 4)
(57, 17, 0.08216782349860235, 4)
(57, 18, 0.08216782349860235, 4)
(57, 19, 0.08216782349860235, 4)
(57, 20, 0.08216782349860235, 4)
(57, 21, 0.08216782349860235, 4)
(57, 22, 0.08216782349860235, 4)
(57, 23, 0.08216782349860235, 4)
(57, 24, 0.08216782349860235, 4)
(57, 26, 0.08216782349860235, 4)
(57, 30, 0.08216782349860235, 4)
(57, 31, 0.08216782349860235, 4)
(57, 32, 0.08216782349860235, 4)
(57, 34, 0.08216782349860235, 4)
(57, 35, 0.08216782349860235, 4)
(57, 36, 0.08216782349860235, 4)
(57, 37, 0.08216782349860235, 4)
(57, 39, 0.08216782349860235, 4)
(57, 40, 0.08216782349860235, 4)
(57, 42, 0.08216782349860235, 4)
(57, 44, 0.08216782349860235, 4)
(58, 1, 0.07395104114874212, 4)
(58, 2, 0.07395104114874212, 4)
(58, 3, 0.07395104114874212, 4)
(58, 4, 0.07395104114874212, 4)
(58, 6, 0.07395104114874212, 4)
(58, 7, 0.07395104114874212, 4)
(58, 8, 0.07395104114874212, 4)
(58, 10, 0.07395104114874212, 4)
(58, 11, 0.07395104114874212, 4)
(58, 12, 0.07395104114874212, 4)
(58, 14, 0.07395104114874212, 4)
(58, 15, 0.07395104114874212, 4)
(58, 16, 0.07395104114874212, 4)
(58, 17, 0.07395104114874212, 4)
(58, 19, 0.07395104114874212, 4)
(58, 20, 0.07395104114874212, 4)
(58, 21, 0.07395104114874212, 4)
(58, 25, 0.07395104114874212, 4)
(58, 26, 0.07395104114874212, 4)
(58, 27, 0.07395104114874212, 4)
(58, 28, 0.07395104114874212, 4)
(58, 29, 0.07395104114874212, 4)
(58, 31, 0.07395104114874212, 4)
(58, 32, 0.07395104114874212, 4)
(58, 33, 0.07395104114874212, 4)
(58, 34, 0.07395104114874212, 4)
(58, 36, 0.07395104114874212, 4)
(58, 38, 0.07395104114874212, 4)
(58, 39, 0.07395104114874212, 4)
(58, 40, 0.07395104114874212, 4)
(59, 1, 0.06655593703386792, 4)
(59, 3, 0.06655593703386792, 4)
(59, 4, 0.06655593703386792, 4)
(59, 5, 0.06655593703386792, 4)
(59, 6, 0.06655593703386792, 4)
(59, 9, 0.06655593703386792, 4)
(59, 10, 0.06655593703386792, 4)
(59, 12, 0.06655593703386792, 4)
(59, 16, 0.06655593703386792, 4)
(59, 17, 0.06655593703386792, 4)
(59, 18, 0.06655593703386792, 4)
(59, 19, 0.06655593703386792, 4)
(59, 20, 0.06655593703386792, 4)
(59, 22, 0.06655593703386792, 4)
(59, 25, 0.06655593703386792, 4)
(59, 26, 0.06655593703386792, 4)
(59, 28, 0.06655593703386792, 4)
(59, 29, 0.06655593703386792, 4)
(59, 30, 0.06655593703386792, 4)
(59, 31, 0.06655593703386792, 4)
(59, 33, 0.06655593703386792, 4)
(59, 35, 0.06655593703386792, 4)
(59, 36, 0.06655593703386792, 4)
(59, 37, 0.06655593703386792, 4)
(59, 38, 0.06655593703386792, 4)
(59, 39, 0.06655593703386792, 4)
(59, 41, 0.06655593703386792, 4)
(59, 42, 0.06655593703386792, 4)
(59, 43, 0.06655593703386792, 4)
(59, 45, 0.06655593703386792, 4)
(60, 1, 0.05990034333048113, 4)
(60, 2, 0.05990034333048113, 4)
(60, 3, 0.05990034333048113, 4)
(60, 4, 0.05990034333048113, 4)
(60, 5, 0.05990034333048113, 4)
(60, 7, 0.05990034333048113, 4)
(60, 8, 0.05990034333048113, 4)
(60, 10, 0.05990034333048113, 4)
(60, 14, 0.05990034333048113, 4)
(60, 16, 0.05990034333048113, 4)
(60, 17, 0.05990034333048113, 4)
(60, 19, 0.05990034333048113, 4)
(60, 21, 0.05990034333048113, 4)
(60, 22, 0.05990034333048113, 4)
(60, 23, 0.05990034333048113, 4)
(60, 27, 0.05990034333048113, 4)
(60, 28, 0.05990034333048113, 4)
(60, 30, 0.05990034333048113, 4)
(60, 31, 0.05990034333048113, 4)
(60, 32, 0.05990034333048113, 4)
(60, 34, 0.05990034333048113, 4)
(60, 35, 0.05990034333048113, 4)
(60, 38, 0.05990034333048113, 4)
(60, 39, 0.05990034333048113, 4)
(60, 40, 0.05990034333048113, 4)
(60, 41, 0.05990034333048113, 4)
(60, 42, 0.05990034333048113, 4)
(60, 44, 0.05990034333048113, 4)
(60, 46, 0.05990034333048113, 4)
(60, 50, 0.05990034333048113, 4)
(61, 1, 0.053910308997433015, 4)
(61, 5, 0.053910308997433015, 4)
(61, 6, 0.053910308997433015, 4)
(61, 7, 0.053910308997433015, 4)
(61, 8, 0.053910308997433015, 4)
(61, 9, 0.053910308997433015, 4)
(61, 10, 0.053910308997433015, 4)
(61, 12, 0.053910308997433015, 4)
(61, 13, 0.053910308997433015, 4)
(61, 14, 0.053910308997433015, 4)
(61, 19, 0.053910308997433015, 4)
(61, 21, 0.053910308997433015, 4)
(61, 23, 0.053910308997433015, 4)
(61, 24, 0.053910308997433015, 4)
(61, 25, 0.053910308997433015, 4)
(61, 26, 0.053910308997433015, 4)
(61, 27, 0.053910308997433015, 4)
(61, 28, 0.053910308997433015, 4)
(61, 31, 0.053910308997433015, 4)
(61, 33, 0.053910308997433015, 4)
(61, 34, 0.053910308997433015, 4)
(61, 35, 0.053910308997433015, 4)
(61, 36, 0.053910308997433015, 4)
(61, 37, 0.053910308997433015, 4)
(61, 38, 0.053910308997433015, 4)
(61, 39, 0.053910308997433015, 4)
(61, 41, 0.053910308997433015, 4)
(61, 42, 0.053910308997433015, 4)
(61, 43, 0.053910308997433015, 4)
(61, 45, 0.053910308997433015, 4)
(62, 2, 0.048519278097689716, 4)
(62, 3, 0.048519278097689716, 4)
(62, 5, 0.048519278097689716, 4)
(62, 6, 0.048519278097689716, 4)
(62, 7, 0.048519278097689716, 4)
(62, 8, 0.048519278097689716, 4)
(62, 9, 0.048519278097689716, 4)
(62, 10, 0.048519278097689716, 4)
(62, 11, 0.048519278097689716, 4)
(62, 12, 0.048519278097689716, 4)
(62, 13, 0.048519278097689716, 4)
(62, 15, 0.048519278097689716, 4)
(62, 18, 0.048519278097689716, 4)
(62, 19, 0.048519278097689716, 4)
(62, 20, 0.048519278097689716, 4)
(62, 23, 0.048519278097689716, 4)
(62, 24, 0.048519278097689716, 4)
(62, 25, 0.048519278097689716, 4)
(62, 26, 0.048519278097689716, 4)
(62, 27, 0.048519278097689716, 4)
(62, 31, 0.048519278097689716, 4)
(62, 33, 0.048519278097689716, 4)
(62, 36, 0.048519278097689716, 4)
(62, 38, 0.048519278097689716, 4)
(62, 40, 0.048519278097689716, 4)
(62, 42, 0.048519278097689716, 4)
(62, 43, 0.048519278097689716, 4)
(62, 44, 0.048519278097689716, 4)
(62, 45, 0.048519278097689716, 4)
(62, 46, 0.048519278097689716, 4)
(63, 1, 0.04366735028792074, 4)
(63, 2, 0.04366735028792074, 4)
(63, 3, 0.04366735028792074, 4)
(63, 4, 0.04366735028792074, 4)
(63, 7, 0.04366735028792074, 4)
(63, 8, 0.04366735028792074, 4)
(63, 9, 0.04366735028792074, 4)
(63, 10, 0.04366735028792074, 4)
(63, 11, 0.04366735028792074, 4)
(63, 12, 0.04366735028792074, 4)
(63, 14, 0.04366735028792074, 4)
(63, 15, 0.04366735028792074, 4)
(63, 17, 0.04366735028792074, 4)
(63, 18, 0.04366735028792074, 4)
(63, 19, 0.04366735028792074, 4)
(63, 20, 0.04366735028792074, 4)
(63, 22, 0.04366735028792074, 4)
(63, 23, 0.04366735028792074, 4)
(63, 24, 0.04366735028792074, 4)
(63, 25, 0.04366735028792074, 4)
(63, 26, 0.04366735028792074, 4)
(63, 27, 0.04366735028792074, 4)
(63, 30, 0.04366735028792074, 4)
(63, 31, 0.04366735028792074, 4)
(63, 32, 0.04366735028792074, 4)
(63, 34, 0.04366735028792074, 4)
(63, 35, 0.04366735028792074, 4)
(63, 36, 0.04366735028792074, 4)
(63, 37, 0.04366735028792074, 4)
(63, 38, 0.04366735028792074, 4)
(64, 4, 0.03930061525912867, 4)
(64, 6, 0.03930061525912867, 4)
(64, 7, 0.03930061525912867, 4)
(64, 8, 0.03930061525912867, 4)
(64, 9, 0.03930061525912867, 4)
(64, 10, 0.03930061525912867, 4)
(64, 12, 0.03930061525912867, 4)
(64, 14, 0.03930061525912867, 4)
(64, 15, 0.03930061525912867, 4)
(64, 16, 0.03930061525912867, 4)
(64, 18, 0.03930061525912867, 4)
(64, 19, 0.03930061525912867, 4)
(64, 20, 0.03930061525912867, 4)
(64, 21, 0.03930061525912867, 4)
(64, 22, 0.03930061525912867, 4)
(64, 24, 0.03930061525912867, 4)
(64, 27, 0.03930061525912867, 4)
(64, 28, 0.03930061525912867, 4)
(64, 29, 0.03930061525912867, 4)
(64, 30, 0.03930061525912867, 4)
(64, 31, 0.03930061525912867, 4)
(64, 32, 0.03930061525912867, 4)
(64, 33, 0.03930061525912867, 4)
(64, 34, 0.03930061525912867, 4)
(64, 35, 0.03930061525912867, 4)
(64, 40, 0.03930061525912867, 4)
(64, 41, 0.03930061525912867, 4)
(64, 42, 0.03930061525912867, 4)
(64, 44, 0.03930061525912867, 4)
(64, 45, 0.03930061525912867, 4)
(65, 1, 0.0353705537332158, 4)
(65, 2, 0.0353705537332158, 4)
(65, 4, 0.0353705537332158, 4)
(65, 5, 0.0353705537332158, 4)
(65, 7, 0.0353705537332158, 4)
(65, 8, 0.0353705537332158, 4)
(65, 9, 0.0353705537332158, 4)
(65, 10, 0.0353705537332158, 4)
(65, 11, 0.0353705537332158, 4)
(65, 12, 0.0353705537332158, 4)
(65, 13, 0.0353705537332158, 4)
(65, 17, 0.0353705537332158, 4)
(65, 18, 0.0353705537332158, 4)
(65, 20, 0.0353705537332158, 4)
(65, 21, 0.0353705537332158, 4)
(65, 25, 0.0353705537332158, 4)
(65, 26, 0.0353705537332158, 4)
(65, 28, 0.0353705537332158, 4)
(65, 29, 0.0353705537332158, 4)
(65, 30, 0.0353705537332158, 4)
(65, 31, 0.0353705537332158, 4)
(65, 32, 0.0353705537332158, 4)
(65, 34, 0.0353705537332158, 4)
(65, 35, 0.0353705537332158, 4)
(65, 37, 0.0353705537332158, 4)
(65, 39, 0.0353705537332158, 4)
(65, 40, 0.0353705537332158, 4)
(65, 41, 0.0353705537332158, 4)
(65, 42, 0.0353705537332158, 4)
(65, 43, 0.0353705537332158, 4)
(66, 1, 0.03183349835989422, 4)
(66, 3, 0.03183349835989422, 4)
(66, 4, 0.03183349835989422, 4)
(66, 7, 0.03183349835989422, 4)
(66, 8, 0.03183349835989422, 4)
(66, 10, 0.03183349835989422, 4)
(66, 12, 0.03183349835989422, 4)
(66, 13, 0.03183349835989422, 4)
(66, 16, 0.03183349835989422, 4)
(66, 17, 0.03183349835989422, 4)
(66, 20, 0.03183349835989422, 4)
(66, 23, 0.03183349835989422, 4)
(66, 24, 0.03183349835989422, 4)
(66, 25, 0.03183349835989422, 4)
(66, 26, 0.03183349835989422, 4)
(66, 28, 0.03183349835989422, 4)
(66, 29, 0.03183349835989422, 4)
(66, 31, 0.03183349835989422, 4)
(66, 33, 0.03183349835989422, 4)
(66, 34, 0.03183349835989422, 4)
(66, 35, 0.03183349835989422, 4)
(66, 36, 0.03183349835989422, 4)
(66, 37, 0.03183349835989422, 4)
(66, 40, 0.03183349835989422, 4)
(66, 41, 0.03183349835989422, 4)
(66, 42, 0.03183349835989422, 4)
(66, 43, 0.03183349835989422, 4)
(66, 45, 0.03183349835989422, 4)
(66, 46, 0.03183349835989422, 4)
(66, 47, 0.03183349835989422, 4)
(67, 2, 0.0286501485239048, 4)
(67, 3, 0.0286501485239048, 4)
(67, 4, 0.0286501485239048, 4)
(67, 5, 0.0286501485239048, 4)
(67, 6, 0.0286501485239048, 4)
(67, 7, 0.0286501485239048, 4)
(67, 8, 0.0286501485239048, 4)
(67, 10, 0.0286501485239048, 4)
(67, 11, 0.0286501485239048, 4)
(67, 12, 0.0286501485239048, 4)
(67, 13, 0.0286501485239048, 4)
(67, 15, 0.0286501485239048, 4)
(67, 16, 0.0286501485239048, 4)
(67, 17, 0.0286501485239048, 4)
(67, 18, 0.0286501485239048, 4)
(67, 20, 0.0286501485239048, 4)
(67, 22, 0.0286501485239048, 4)
(67, 23, 0.0286501485239048, 4)
(67, 26, 0.0286501485239048, 4)
(67, 27, 0.0286501485239048, 4)
(67, 29, 0.0286501485239048, 4)
(67, 32, 0.0286501485239048, 4)
(67, 36, 0.0286501485239048, 4)
(67, 37, 0.0286501485239048, 4)
(67, 40, 0.0286501485239048, 4)
(67, 42, 0.0286501485239048, 4)
(67, 47, 0.0286501485239048, 4)
(67, 50, 0.0286501485239048, 4)
(67, 51, 0.0286501485239048, 4)
(67, 52, 0.0286501485239048, 4)
(68, 1, 0.025785133671514318, 4)
(68, 3, 0.025785133671514318, 4)
(68, 4, 0.025785133671514318, 4)
(68, 6, 0.025785133671514318, 4)
(68, 7, 0.025785133671514318, 4)
(68, 12, 0.025785133671514318, 4)
(68, 13, 0.025785133671514318, 4)
(68, 14, 0.025785133671514318, 4)
(68, 16, 0.025785133671514318, 4)
(68, 18, 0.025785133671514318, 4)
(68, 19, 0.025785133671514318, 4)
(68, 20, 0.025785133671514318, 4)
(68, 21, 0.025785133671514318, 4)
(68, 23, 0.025785133671514318, 4)
(68, 24, 0.025785133671514318, 4)
(68, 25, 0.025785133671514318, 4)
(68, 26, 0.025785133671514318, 4)
(68, 28, 0.025785133671514318, 4)
(68, 31, 0.025785133671514318, 4)
(68, 34, 0.025785133671514318, 4)
(68, 35, 0.025785133671514318, 4)
(68, 36, 0.025785133671514318, 4)
(68, 37, 0.025785133671514318, 4)
(68, 38, 0.025785133671514318, 4)
(68, 39, 0.025785133671514318, 4)
(68, 42, 0.025785133671514318, 4)
(68, 43, 0.025785133671514318, 4)
(68, 45, 0.025785133671514318, 4)
(68, 46, 0.025785133671514318, 4)
(68, 47, 0.025785133671514318, 4)
(69, 1, 0.023206620304362886, 4)
(69, 2, 0.023206620304362886, 4)
(69, 4, 0.023206620304362886, 4)
(69, 6, 0.023206620304362886, 4)
(69, 8, 0.023206620304362886, 4)
(69, 12, 0.023206620304362886, 4)
(69, 13, 0.023206620304362886, 4)
(69, 15, 0.023206620304362886, 4)
(69, 16, 0.023206620304362886, 4)
(69, 18, 0.023206620304362886, 4)
(69, 19, 0.023206620304362886, 4)
(69, 21, 0.023206620304362886, 4)
(69, 22, 0.023206620304362886, 4)
(69, 24, 0.023206620304362886, 4)
(69, 25, 0.023206620304362886, 4)
(69, 26, 0.023206620304362886, 4)
(69, 28, 0.023206620304362886, 4)
(69, 29, 0.023206620304362886, 4)
(69, 30, 0.023206620304362886, 4)
(69, 31, 0.023206620304362886, 4)
(69, 34, 0.023206620304362886, 4)
(69, 36, 0.023206620304362886, 4)
(69, 37, 0.023206620304362886, 4)
(69, 38, 0.023206620304362886, 4)
(69, 39, 0.023206620304362886, 4)
(69, 40, 0.023206620304362886, 4)
(69, 41, 0.023206620304362886, 4)
(69, 42, 0.023206620304362886, 4)
(69, 43, 0.023206620304362886, 4)
(69, 44, 0.023206620304362886, 4)
(70, 1, 0.0208859582739266, 4)
(70, 2, 0.0208859582739266, 4)
(70, 3, 0.0208859582739266, 4)
(70, 4, 0.0208859582739266, 4)
(70, 5, 0.0208859582739266, 4)
(70, 6, 0.0208859582739266, 4)
(70, 7, 0.0208859582739266, 4)
(70, 8, 0.0208859582739266, 4)
(70, 9, 0.0208859582739266, 4)
(70, 12, 0.0208859582739266, 4)
(70, 13, 0.0208859582739266, 4)
(70, 14, 0.0208859582739266, 4)
(70, 16, 0.0208859582739266, 4)
(70, 17, 0.0208859582739266, 4)
(70, 18, 0.0208859582739266, 4)
(70, 23, 0.0208859582739266, 4)
(70, 24, 0.0208859582739266, 4)
(70, 25, 0.0208859582739266, 4)
(70, 26, 0.0208859582739266, 4)
(70, 27, 0.0208859582739266, 4)
(70, 28, 0.0208859582739266, 4)
(70, 29, 0.0208859582739266, 4)
(70, 31, 0.0208859582739266, 4)
(70, 32, 0.0208859582739266, 4)
(70, 34, 0.0208859582739266, 4)
(70, 35, 0.0208859582739266, 4)
(70, 37, 0.0208859582739266, 4)
(70, 38, 0.0208859582739266, 4)
(70, 40, 0.0208859582739266, 4)
(70, 41, 0.0208859582739266, 4)
(71, 3, 0.01879736244653394, 4)
(71, 6, 0.01879736244653394, 4)
(71, 7, 0.01879736244653394, 4)
(71, 9, 0.01879736244653394, 4)
(71, 10, 0.01879736244653394, 4)
(71, 11, 0.01879736244653394, 4)
(71, 12, 0.01879736244653394, 4)
(71, 16, 0.01879736244653394, 4)
(71, 17, 0.01879736244653394, 4)
(71, 18, 0.01879736244653394, 4)
(71, 19, 0.01879736244653394, 4)
(71, 20, 0.01879736244653394, 4)
(71, 21, 0.01879736244653394, 4)
(71, 22, 0.01879736244653394, 4)
(71, 23, 0.01879736244653394, 4)
(71, 24, 0.01879736244653394, 4)
(71, 25, 0.01879736244653394, 4)
(71, 26, 0.01879736244653394, 4)
(71, 28, 0.01879736244653394, 4)
(71, 29, 0.01879736244653394, 4)
(71, 30, 0.01879736244653394, 4)
(71, 31, 0.01879736244653394, 4)
(71, 32, 0.01879736244653394, 4)
(71, 34, 0.01879736244653394, 4)
(71, 35, 0.01879736244653394, 4)
(71, 38, 0.01879736244653394, 4)
(71, 39, 0.01879736244653394, 4)
(71, 40, 0.01879736244653394, 4)
(71, 41, 0.01879736244653394, 4)
(71, 42, 0.01879736244653394, 4)
(72, 1, 0.016917626201880545, 4)
(72, 4, 0.016917626201880545, 4)
(72, 5, 0.016917626201880545, 4)
(72, 6, 0.016917626201880545, 4)
(72, 9, 0.016917626201880545, 4)
(72, 10, 0.016917626201880545, 4)
(72, 13, 0.016917626201880545, 4)
(72, 14, 0.016917626201880545, 4)
(72, 15, 0.016917626201880545, 4)
(72, 16, 0.016917626201880545, 4)
(72, 18, 0.016917626201880545, 4)
(72, 22, 0.016917626201880545, 4)
(72, 23, 0.016917626201880545, 4)
(72, 24, 0.016917626201880545, 4)
(72, 26, 0.016917626201880545, 4)
(72, 28, 0.016917626201880545, 4)
(72, 29, 0.016917626201880545, 4)
(72, 30, 0.016917626201880545, 4)
(72, 32, 0.016917626201880545, 4)
(72, 33, 0.016917626201880545, 4)
(72, 34, 0.016917626201880545, 4)
(72, 37, 0.016917626201880545, 4)
(72, 38, 0.016917626201880545, 4)
(72, 40, 0.016917626201880545, 4)
(72, 41, 0.016917626201880545, 4)
(72, 42, 0.016917626201880545, 4)
(72, 43, 0.016917626201880545, 4)
(72, 45, 0.016917626201880545, 4)
(72, 47, 0.016917626201880545, 4)
(72, 49, 0.016917626201880545, 4)
(73, 1, 0.01522586358169249, 4)
(73, 4, 0.01522586358169249, 4)
(73, 5, 0.01522586358169249, 4)
(73, 6, 0.01522586358169249, 4)
(73, 10, 0.01522586358169249, 4)
(73, 11, 0.01522586358169249, 4)
(73, 13, 0.01522586358169249, 4)
(73, 17, 0.01522586358169249, 4)
(73, 18, 0.01522586358169249, 4)
(73, 21, 0.01522586358169249, 4)
(73, 22, 0.01522586358169249, 4)
(73, 23, 0.01522586358169249, 4)
(73, 24, 0.01522586358169249, 4)
(73, 26, 0.01522586358169249, 4)
(73, 28, 0.01522586358169249, 4)
(73, 31, 0.01522586358169249, 4)
(73, 32, 0.01522586358169249, 4)
(73, 33, 0.01522586358169249, 4)
(73, 34, 0.01522586358169249, 4)
(73, 35, 0.01522586358169249, 4)
(73, 38, 0.01522586358169249, 4)
(73, 39, 0.01522586358169249, 4)
(73, 40, 0.01522586358169249, 4)
(73, 41, 0.01522586358169249, 4)
(73, 42, 0.01522586358169249, 4)
(73, 43, 0.01522586358169249, 4)
(73, 44, 0.01522586358169249, 4)
(73, 45, 0.01522586358169249, 4)
(73, 47, 0.01522586358169249, 4)
(73, 48, 0.01522586358169249, 4)
(74, 3, 0.013703277223523241, 4)
(74, 4, 0.013703277223523241, 4)
(74, 5, 0.013703277223523241, 4)
(74, 6, 0.013703277223523241, 4)
(74, 7, 0.013703277223523241, 4)
(74, 9, 0.013703277223523241, 4)
(74, 10, 0.013703277223523241, 4)
(74, 13, 0.013703277223523241, 4)
(74, 14, 0.013703277223523241, 4)
(74, 15, 0.013703277223523241, 4)
(74, 16, 0.013703277223523241, 4)
(74, 17, 0.013703277223523241, 4)
(74, 19, 0.013703277223523241, 4)
(74, 20, 0.013703277223523241, 4)
(74, 21, 0.013703277223523241, 4)
(74, 22, 0.013703277223523241, 4)
(74, 23, 0.013703277223523241, 4)
(74, 26, 0.013703277223523241, 4)
(74, 27, 0.013703277223523241, 4)
(74, 30, 0.013703277223523241, 4)
(74, 31, 0.013703277223523241, 4)
(74, 32, 0.013703277223523241, 4)
(74, 33, 0.013703277223523241, 4)
(74, 34, 0.013703277223523241, 4)
(74, 35, 0.013703277223523241, 4)
(74, 36, 0.013703277223523241, 4)
(74, 37, 0.013703277223523241, 4)
(74, 38, 0.013703277223523241, 4)
(74, 39, 0.013703277223523241, 4)
(74, 40, 0.013703277223523241, 4)
(75, 1, 0.012332949501170918, 4)
(75, 2, 0.012332949501170918, 4)
(75, 3, 0.012332949501170918, 4)
(75, 4, 0.012332949501170918, 4)
(75, 5, 0.012332949501170918, 4)
(75, 7, 0.012332949501170918, 4)
(75, 9, 0.012332949501170918, 4)
(75, 12, 0.012332949501170918, 4)
(75, 13, 0.012332949501170918, 4)
(75, 15, 0.012332949501170918, 4)
(75, 17, 0.012332949501170918, 4)
(75, 18, 0.012332949501170918, 4)
(75, 19, 0.012332949501170918, 4)
(75, 21, 0.012332949501170918, 4)
(75, 23, 0.012332949501170918, 4)
(75, 24, 0.012332949501170918, 4)
(75, 26, 0.012332949501170918, 4)
(75, 27, 0.012332949501170918, 4)
(75, 30, 0.012332949501170918, 4)
(75, 31, 0.012332949501170918, 4)
(75, 32, 0.012332949501170918, 4)
(75, 33, 0.012332949501170918, 4)
(75, 35, 0.012332949501170918, 4)
(75, 36, 0.012332949501170918, 4)
(75, 37, 0.012332949501170918, 4)
(75, 38, 0.012332949501170918, 4)
(75, 39, 0.012332949501170918, 4)
(75, 40, 0.012332949501170918, 4)
(75, 41, 0.012332949501170918, 4)
(75, 42, 0.012332949501170918, 4)
(76, 1, 0.011099654551053826, 4)
(76, 3, 0.011099654551053826, 4)
(76, 5, 0.011099654551053826, 4)
(76, 7, 0.011099654551053826, 4)
(76, 8, 0.011099654551053826, 4)
(76, 9, 0.011099654551053826, 4)
(76, 10, 0.011099654551053826, 4)
(76, 12, 0.011099654551053826, 4)
(76, 13, 0.011099654551053826, 4)
(76, 16, 0.011099654551053826, 4)
(76, 17, 0.011099654551053826, 4)
(76, 18, 0.011099654551053826, 4)
(76, 19, 0.011099654551053826, 4)
(76, 20, 0.011099654551053826, 4)
(76, 21, 0.011099654551053826, 4)
(76, 23, 0.011099654551053826, 4)
(76, 25, 0.011099654551053826, 4)
(76, 26, 0.011099654551053826, 4)
(76, 27, 0.011099654551053826, 4)
(76, 28, 0.011099654551053826, 4)
(76, 29, 0.011099654551053826, 4)
(76, 30, 0.011099654551053826, 4)
(76, 31, 0.011099654551053826, 4)
(76, 35, 0.011099654551053826, 4)
(76, 36, 0.011099654551053826, 4)
(76, 38, 0.011099654551053826, 4)
(76, 39, 0.011099654551053826, 4)
(76, 40, 0.011099654551053826, 4)
(76, 41, 0.011099654551053826, 4)
(76, 42, 0.011099654551053826, 4)
(77, 1, 0.009989689095948443, 4)
(77, 2, 0.009989689095948443, 4)
(77, 3, 0.009989689095948443, 4)
(77, 4, 0.009989689095948443, 4)
(77, 5, 0.009989689095948443, 4)
(77, 7, 0.009989689095948443, 4)
(77, 8, 0.009989689095948443, 4)
(77, 9, 0.009989689095948443, 4)
(77, 11, 0.009989689095948443, 4)
(77, 12, 0.009989689095948443, 4)
(77, 13, 0.009989689095948443, 4)
(77, 14, 0.009989689095948443, 4)
(77, 15, 0.009989689095948443, 4)
(77, 16, 0.009989689095948443, 4)
(77, 17, 0.009989689095948443, 4)
(77, 18, 0.009989689095948443, 4)
(77, 19, 0.009989689095948443, 4)
(77, 24, 0.009989689095948443, 4)
(77, 25, 0.009989689095948443, 4)
(77, 26, 0.009989689095948443, 4)
(77, 27, 0.009989689095948443, 4)
(77, 28, 0.009989689095948443, 4)
(77, 29, 0.009989689095948443, 4)
(77, 31, 0.009989689095948443, 4)
(77, 32, 0.009989689095948443, 4)
(77, 33, 0.009989689095948443, 4)
(77, 34, 0.009989689095948443, 4)
(77, 35, 0.009989689095948443, 4)
(77, 36, 0.009989689095948443, 4)
(77, 37, 0.009989689095948443, 4)
(78, 1, 0.0089907201863536, 4)
(78, 2, 0.0089907201863536, 4)
(78, 3, 0.0089907201863536, 4)
(78, 4, 0.0089907201863536, 4)
(78, 5, 0.0089907201863536, 4)
(78, 6, 0.0089907201863536, 4)
(78, 8, 0.0089907201863536, 4)
(78, 9, 0.0089907201863536, 4)
(78, 11, 0.0089907201863536, 4)
(78, 12, 0.0089907201863536, 4)
(78, 15, 0.0089907201863536, 4)
(78, 16, 0.0089907201863536, 4)
(78, 17, 0.0089907201863536, 4)
(78, 18, 0.0089907201863536, 4)
(78, 20, 0.0089907201863536, 4)
(78, 22, 0.0089907201863536, 4)
(78, 23, 0.0089907201863536, 4)
(78, 27, 0.0089907201863536, 4)
(78, 28, 0.0089907201863536, 4)
(78, 29, 0.0089907201863536, 4)
(78, 30, 0.0089907201863536, 4)
(78, 31, 0.0089907201863536, 4)
(78, 32, 0.0089907201863536, 4)
(78, 33, 0.0089907201863536, 4)
(78, 34, 0.0089907201863536, 4)
(78, 38, 0.0089907201863536, 4)
(78, 41, 0.0089907201863536, 4)
(78, 42, 0.0089907201863536, 4)
(78, 43, 0.0089907201863536, 4)
(78, 45, 0.0089907201863536, 4)
(79, 1, 0.00809164816771824, 4)
(79, 2, 0.00809164816771824, 4)
(79, 4, 0.00809164816771824, 4)
(79, 6, 0.00809164816771824, 4)
(79, 7, 0.00809164816771824, 4)
(79, 8, 0.00809164816771824, 4)
(79, 10, 0.00809164816771824, 4)
(79, 11, 0.00809164816771824, 4)
(79, 13, 0.00809164816771824, 4)
(79, 14, 0.00809164816771824, 4)
(79, 15, 0.00809164816771824, 4)
(79, 18, 0.00809164816771824, 4)
(79, 19, 0.00809164816771824, 4)
(79, 22, 0.00809164816771824, 4)
(79, 24, 0.00809164816771824, 4)
(79, 25, 0.00809164816771824, 4)
(79, 26, 0.00809164816771824, 4)
(79, 28, 0.00809164816771824, 4)
(79, 29, 0.00809164816771824, 4)
(79, 33, 0.00809164816771824, 4)
(79, 36, 0.00809164816771824, 4)
(79, 40, 0.00809164816771824, 4)
(79, 41, 0.00809164816771824, 4)
(79, 42, 0.00809164816771824, 4)
(79, 43, 0.00809164816771824, 4)
(79, 44, 0.00809164816771824, 4)
(79, 46, 0.00809164816771824, 4)
(79, 50, 0.00809164816771824, 4)
(79, 51, 0.00809164816771824, 4)
(79, 52, 0.00809164816771824, 4)
(80, 1, 0.007282483350946416, 4)
(80, 2, 0.007282483350946416, 4)
(80, 3, 0.007282483350946416, 4)
(80, 4, 0.007282483350946416, 4)
(80, 5, 0.007282483350946416, 4)
(80, 6, 0.007282483350946416, 4)
(80, 9, 0.007282483350946416, 4)
(80, 10, 0.007282483350946416, 4)
(80, 13, 0.007282483350946416, 4)
(80, 15, 0.007282483350946416, 4)
(80, 16, 0.007282483350946416, 4)
(80, 17, 0.007282483350946416, 4)
(80, 19, 0.007282483350946416, 4)
(80, 20, 0.007282483350946416, 4)
(80, 21, 0.007282483350946416, 4)
(80, 23, 0.007282483350946416, 4)
(80, 25, 0.007282483350946416, 4)
(80, 26, 0.007282483350946416, 4)
(80, 29, 0.007282483350946416, 4)
(80, 30, 0.007282483350946416, 4)
(80, 32, 0.007282483350946416, 4)
(80, 33, 0.007282483350946416, 4)
(80, 35, 0.007282483350946416, 4)
(80, 36, 0.007282483350946416, 4)
(80, 37, 0.007282483350946416, 4)
(80, 39, 0.007282483350946416, 4)
(80, 40, 0.007282483350946416, 4)
(80, 41, 0.007282483350946416, 4)
(80, 42, 0.007282483350946416, 4)
(80, 43, 0.007282483350946416, 4)
(81, 4, 0.006554235015851775, 4)
(81, 6, 0.006554235015851775, 4)
(81, 7, 0.006554235015851775, 4)
(81, 10, 0.006554235015851775, 4)
(81, 11, 0.006554235015851775, 4)
(81, 12, 0.006554235015851775, 4)
(81, 14, 0.006554235015851775, 4)
(81, 16, 0.006554235015851775, 4)
(81, 18, 0.006554235015851775, 4)
(81, 20, 0.006554235015851775, 4)
(81, 21, 0.006554235015851775, 4)
(81, 23, 0.006554235015851775, 4)
(81, 24, 0.006554235015851775, 4)
(81, 25, 0.006554235015851775, 4)
(81, 27, 0.006554235015851775, 4)
(81, 28, 0.006554235015851775, 4)
(81, 32, 0.006554235015851775, 4)
(81, 33, 0.006554235015851775, 4)
(81, 37, 0.006554235015851775, 4)
(81, 39, 0.006554235015851775, 4)
(81, 40, 0.006554235015851775, 4)
(81, 41, 0.006554235015851775, 4)
(81, 42, 0.006554235015851775, 4)
(81, 44, 0.006554235015851775, 4)
(81, 45, 0.006554235015851775, 4)
(81, 46, 0.006554235015851775, 4)
(81, 47, 0.006554235015851775, 4)
(81, 49, 0.006554235015851775, 4)
(81, 51, 0.006554235015851775, 4)
(81, 52, 0.006554235015851775, 4)
(82, 4, 0.0058988115142665975, 4)
(82, 5, 0.0058988115142665975, 4)
(82, 6, 0.0058988115142665975, 4)
(82, 7, 0.0058988115142665975, 4)
(82, 8, 0.0058988115142665975, 4)
(82, 10, 0.0058988115142665975, 4)
(82, 12, 0.0058988115142665975, 4)
(82, 13, 0.0058988115142665975, 4)
(82, 14, 0.0058988115142665975, 4)
(82, 15, 0.0058988115142665975, 4)
(82, 16, 0.0058988115142665975, 4)
(82, 17, 0.0058988115142665975, 4)
(82, 18, 0.0058988115142665975, 4)
(82, 20, 0.0058988115142665975, 4)
(82, 21, 0.0058988115142665975, 4)
(82, 22, 0.0058988115142665975, 4)
(82, 24, 0.0058988115142665975, 4)
(82, 25, 0.0058988115142665975, 4)
(82, 26, 0.0058988115142665975, 4)
(82, 27, 0.0058988115142665975, 4)
(82, 28, 0.0058988115142665975, 4)
(82, 30, 0.0058988115142665975, 4)
(82, 31, 0.0058988115142665975, 4)
(82, 32, 0.0058988115142665975, 4)
(82, 33, 0.0058988115142665975, 4)
(82, 34, 0.0058988115142665975, 4)
(82, 35, 0.0058988115142665975, 4)
(82, 36, 0.0058988115142665975, 4)
(82, 37, 0.0058988115142665975, 4)
(82, 38, 0.0058988115142665975, 4)
(83, 1, 0.005308930362839938, 4)
(83, 2, 0.005308930362839938, 4)
(83, 3, 0.005308930362839938, 4)
(83, 5, 0.005308930362839938, 4)
(83, 6, 0.005308930362839938, 4)
(83, 9, 0.005308930362839938, 0)
(83, 10, 0.005308930362839938, 0)
(83, 12, 0.005308930362839938, 0)
(83, 13, 0.005308930362839938, 0)
(83, 14, 0.005308930362839938, 0)
(83, 15, 0.005308930362839938, 0)
(83, 18, 0.005308930362839938, 0)
(83, 19, 0.005308930362839938, 0)
(83, 20, 0.005308930362839938, 0)
(83, 22, 0.005308930362839938, 0)
(83, 23, 0.005308930362839938, 0)
(83, 24, 0.005308930362839938, 0)
(83, 25, 0.005308930362839938, 0)
(83, 26, 0.005308930362839938, 0)
(83, 28, 0.005308930362839938, 0)
(83, 29, 0.005308930362839938, 0)
(83, 32, 0.005308930362839938, 0)
(83, 33, 0.005308930362839938, 0)
(83, 34, 0.005308930362839938, 0)
(83, 35, 0.005308930362839938, 0)
(83, 36, 0.005308930362839938, 0)
(83, 38, 0.005308930362839938, 0)
(83, 41, 0.005308930362839938, 0)
(83, 42, 0.005308930362839938, 0)
(83, 43, 0.005308930362839938, 0)
(84, 1, 0.004778037326555944, 0)
(84, 3, 0.004778037326555944, 0)
(84, 4, 0.004778037326555944, 0)
(84, 5, 0.004778037326555944, 0)
(84, 6, 0.004778037326555944, 0)
(84, 9, 0.004778037326555944, 0)
(84, 10, 0.004778037326555944, 0)
(84, 11, 0.004778037326555944, 0)
(84, 12, 0.004778037326555944, 0)
(84, 13, 0.004778037326555944, 0)
(84, 20, 0.004778037326555944, 0)
(84, 23, 0.004778037326555944, 0)
(84, 24, 0.004778037326555944, 0)
(84, 25, 0.004778037326555944, 0)
(84, 26, 0.004778037326555944, 0)
(84, 27, 0.004778037326555944, 0)
(84, 28, 0.004778037326555944, 0)
(84, 29, 0.004778037326555944, 0)
(84, 30, 0.004778037326555944, 0)
(84, 31, 0.004778037326555944, 0)
(84, 32, 0.004778037326555944, 0)
(84, 33, 0.004778037326555944, 0)
(84, 34, 0.004778037326555944, 0)
(84, 35, 0.004778037326555944, 0)
(84, 36, 0.004778037326555944, 0)
(84, 37, 0.004778037326555944, 0)
(84, 38, 0.004778037326555944, 0)
(84, 40, 0.004778037326555944, 0)
(84, 41, 0.004778037326555944, 0)
(84, 42, 0.004778037326555944, 0)
(85, 1, 0.00430023359390035, 0)
(85, 2, 0.00430023359390035, 0)
(85, 6, 0.00430023359390035, 0)
(85, 7, 0.00430023359390035, 0)
(85, 9, 0.00430023359390035, 0)
(85, 10, 0.00430023359390035, 0)
(85, 14, 0.00430023359390035, 0)
(85, 17, 0.00430023359390035, 0)
(85, 18, 0.00430023359390035, 0)
(85, 20, 0.00430023359390035, 0)
(85, 21, 0.00430023359390035, 0)
(85, 22, 0.00430023359390035, 0)
(85, 23, 0.00430023359390035, 0)
(85, 24, 0.00430023359390035, 0)
(85, 26, 0.00430023359390035, 0)
(85, 28, 0.00430023359390035, 0)
(85, 31, 0.00430023359390035, 0)
(85, 32, 0.00430023359390035, 0)
(85, 35, 0.00430023359390035, 0)
(85, 37, 0.00430023359390035, 0)
(85, 38, 0.00430023359390035, 0)
(85, 39, 0.00430023359390035, 0)
(85, 40, 0.00430023359390035, 0)
(85, 41, 0.00430023359390035, 0)
(85, 43, 0.00430023359390035, 0)
(85, 44, 0.00430023359390035, 0)
(85, 45, 0.00430023359390035, 0)
(85, 47, 0.00430023359390035, 0)
(85, 49, 0.00430023359390035, 0)
(85, 50, 0.00430023359390035, 0)
(86, 1, 0.0038702102345103155, 0)
(86, 2, 0.0038702102345103155, 0)
(86, 4, 0.0038702102345103155, 0)
(86, 5, 0.0038702102345103155, 0)
(86, 6, 0.0038702102345103155, 0)
(86, 8, 0.0038702102345103155, 0)
(86, 12, 0.0038702102345103155, 0)
(86, 13, 0.0038702102345103155, 0)
(86, 15, 0.0038702102345103155, 0)
(86, 17, 0.0038702102345103155, 0)
(86, 20, 0.0038702102345103155, 0)
(86, 22, 0.0038702102345103155, 0)
(86, 23, 0.0038702102345103155, 0)
(86, 24, 0.0038702102345103155, 0)
(86, 25, 0.0038702102345103155, 0)
(86, 26, 0.0038702102345103155, 0)
(86, 27, 0.0038702102345103155, 0)
(86, 28, 0.0038702102345103155, 0)
(86, 29, 0.0038702102345103155, 0)
(86, 30, 0.0038702102345103155, 0)
(86, 33, 0.0038702102345103155, 0)
(86, 34, 0.0038702102345103155, 0)
(86, 35, 0.0038702102345103155, 0)
(86, 36, 0.0038702102345103155, 0)
(86, 38, 0.0038702102345103155, 0)
(86, 39, 0.0038702102345103155, 0)
(86, 40, 0.0038702102345103155, 0)
(86, 41, 0.0038702102345103155, 0)
(86, 42, 0.0038702102345103155, 0)
(86, 47, 0.0038702102345103155, 0)
(87, 1, 0.003483189211059284, 0)
(87, 2, 0.003483189211059284, 0)
(87, 4, 0.003483189211059284, 0)
(87, 5, 0.003483189211059284, 0)
(87, 6, 0.003483189211059284, 0)
(87, 7, 0.003483189211059284, 0)
(87, 8, 0.003483189211059284, 0)
(87, 11, 0.003483189211059284, 0)
(87, 12, 0.003483189211059284, 0)
(87, 13, 0.003483189211059284, 0)
(87, 15, 0.003483189211059284, 0)
(87, 16, 0.003483189211059284, 0)
(87, 17, 0.003483189211059284, 0)
(87, 18, 0.003483189211059284, 0)
(87, 19, 0.003483189211059284, 0)
(87, 20, 0.003483189211059284, 0)
(87, 23, 0.003483189211059284, 0)
(87, 24, 0.003483189211059284, 0)
(87, 25, 0.003483189211059284, 0)
(87, 26, 0.003483189211059284, 0)
(87, 27, 0.003483189211059284, 0)
(87, 28, 0.003483189211059284, 0)
(87, 29, 0.003483189211059284, 0)
(87, 30, 0.003483189211059284, 0)
(87, 32, 0.003483189211059284, 0)
(87, 33, 0.003483189211059284, 0)
(87, 34, 0.003483189211059284, 0)
(87, 35, 0.003483189211059284, 0)
(87, 36, 0.003483189211059284, 0)
(87, 37, 0.003483189211059284, 0)
(88, 1, 0.0031348702899533557, 0)
(88, 2, 0.0031348702899533557, 0)
(88, 4, 0.0031348702899533557, 0)
(88, 6, 0.0031348702899533557, 0)
(88, 7, 0.0031348702899533557, 0)
(88, 10, 0.0031348702899533557, 0)
(88, 11, 0.0031348702899533557, 0)
(88, 12, 0.0031348702899533557, 0)
(88, 13, 0.0031348702899533557, 0)
(88, 16, 0.0031348702899533557, 0)
(88, 18, 0.0031348702899533557, 0)
(88, 19, 0.0031348702899533557, 0)
(88, 22, 0.0031348702899533557, 0)
(88, 23, 0.0031348702899533557, 0)
(88, 24, 0.0031348702899533557, 0)
(88, 26, 0.0031348702899533557, 0)
(88, 27, 0.0031348702899533557, 0)
(88, 28, 0.0031348702899533557, 0)
(88, 30, 0.0031348702899533557, 0)
(88, 31, 0.0031348702899533557, 0)
(88, 33, 0.0031348702899533557, 0)
(88, 34, 0.0031348702899533557, 0)
(88, 35, 0.0031348702899533557, 0)
(88, 36, 0.0031348702899533557, 0)
(88, 41, 0.0031348702899533557, 0)
(88, 42, 0.0031348702899533557, 0)
(88, 46, 0.0031348702899533557, 0)
(88, 47, 0.0031348702899533557, 0)
(88, 49, 0.0031348702899533557, 0)
(88, 52, 0.0031348702899533557, 0)
(89, 1, 0.00282138326095802, 0)
(89, 2, 0.00282138326095802, 0)
(89, 3, 0.00282138326095802, 0)
(89, 5, 0.00282138326095802, 0)
(89, 7, 0.00282138326095802, 0)
(89, 8, 0.00282138326095802, 0)
(89, 11, 0.00282138326095802, 0)
(89, 12, 0.00282138326095802, 0)
(89, 13, 0.00282138326095802, 0)
(89, 14, 0.00282138326095802, 0)
(89, 15, 0.00282138326095802, 0)
(89, 16, 0.00282138326095802, 0)
(89, 18, 0.00282138326095802, 0)
(89, 19, 0.00282138326095802, 0)
(89, 20, 0.00282138326095802, 0)
(89, 21, 0.00282138326095802, 0)
(89, 22, 0.00282138326095802, 0)
(89, 24, 0.00282138326095802, 0)
(89, 26, 0.00282138326095802, 0)
(89, 27, 0.00282138326095802, 0)
(89, 29, 0.00282138326095802, 0)
(89, 31, 0.00282138326095802, 0)
(89, 33, 0.00282138326095802, 0)
(89, 34, 0.00282138326095802, 0)
(89, 37, 0.00282138326095802, 0)
(89, 38, 0.00282138326095802, 0)
(89, 41, 0.00282138326095802, 0)
(89, 42, 0.00282138326095802, 0)
(89, 45, 0.00282138326095802, 0)
(89, 46, 0.00282138326095802, 0)
(90, 2, 0.0025392449348622184, 0)
(90, 3, 0.0025392449348622184, 0)
(90, 4, 0.0025392449348622184, 0)
(90, 6, 0.0025392449348622184, 0)
(90, 8, 0.0025392449348622184, 0)
(90, 9, 0.0025392449348622184, 0)
(90, 11, 0.0025392449348622184, 0)
(90, 13, 0.0025392449348622184, 0)
(90, 15, 0.0025392449348622184, 0)
(90, 17, 0.0025392449348622184, 0)
(90, 18, 0.0025392449348622184, 0)
(90, 22, 0.0025392449348622184, 0)
(90, 23, 0.0025392449348622184, 0)
(90, 24, 0.0025392449348622184, 0)
(90, 25, 0.0025392449348622184, 0)
(90, 26, 0.0025392449348622184, 0)
(90, 29, 0.0025392449348622184, 0)
(90, 30, 0.0025392449348622184, 0)
(90, 31, 0.0025392449348622184, 0)
(90, 32, 0.0025392449348622184, 0)
(90, 34, 0.0025392449348622184, 0)
(90, 35, 0.0025392449348622184, 0)
(90, 38, 0.0025392449348622184, 0)
(90, 39, 0.0025392449348622184, 0)
(90, 40, 0.0025392449348622184, 0)
(90, 41, 0.0025392449348622184, 0)
(90, 43, 0.0025392449348622184, 0)
(90, 45, 0.0025392449348622184, 0)
(90, 47, 0.0025392449348622184, 0)
(90, 48, 0.0025392449348622184, 0)
(91, 2, 0.0022853204413759965, 0)
(91, 4, 0.0022853204413759965, 0)
(91, 5, 0.0022853204413759965, 0)
(91, 6, 0.0022853204413759965, 0)
(91, 9, 0.0022853204413759965, 0)
(91, 10, 0.0022853204413759965, 0)
(91, 13, 0.0022853204413759965, 0)
(91, 14, 0.0022853204413759965, 0)
(91, 15, 0.0022853204413759965, 0)
(91, 16, 0.0022853204413759965, 0)
(91, 17, 0.0022853204413759965, 0)
(91, 19, 0.0022853204413759965, 0)
(91, 21, 0.0022853204413759965, 0)
(91, 22, 0.0022853204413759965, 0)
(91, 23, 0.0022853204413759965, 0)
(91, 24, 0.0022853204413759965, 0)
(91, 25, 0.0022853204413759965, 0)
(91, 26, 0.0022853204413759965, 0)
(91, 27, 0.0022853204413759965, 0)
(91, 29, 0.0022853204413759965, 0)
(91, 30, 0.0022853204413759965, 0)
(91, 31, 0.0022853204413759965, 0)
(91, 32, 0.0022853204413759965, 0)
(91, 33, 0.0022853204413759965, 0)
(91, 34, 0.0022853204413759965, 0)
(91, 35, 0.0022853204413759965, 0)
(91, 36, 0.0022853204413759965, 0)
(91, 37, 0.0022853204413759965, 0)
(91, 39, 0.0022853204413759965, 0)
(91, 40, 0.0022853204413759965, 0)
(92, 1, 0.002056788397238397, 0)
(92, 2, 0.002056788397238397, 0)
(92, 3, 0.002056788397238397, 0)
(92, 4, 0.002056788397238397, 0)
(92, 5, 0.002056788397238397, 0)
(92, 8, 0.002056788397238397, 0)
(92, 9, 0.002056788397238397, 0)
(92, 10, 0.002056788397238397, 0)
(92, 12, 0.002056788397238397, 0)
(92, 14, 0.002056788397238397, 0)
(92, 17, 0.002056788397238397, 0)
(92, 18, 0.002056788397238397, 0)
(92, 19, 0.002056788397238397, 0)
(92, 20, 0.002056788397238397, 0)
(92, 22, 0.002056788397238397, 0)
(92, 23, 0.002056788397238397, 0)
(92, 26, 0.002056788397238397, 0)
(92, 27, 0.002056788397238397, 0)
(92, 29, 0.002056788397238397, 0)
(92, 30, 0.002056788397238397, 0)
(92, 32, 0.002056788397238397, 0)
(92, 33, 0.002056788397238397, 0)
(92, 34, 0.002056788397238397, 0)
(92, 35, 0.002056788397238397, 0)
(92, 36, 0.002056788397238397, 0)
(92, 37, 0.002056788397238397, 0)
(92, 38, 0.002056788397238397, 0)
(92, 39, 0.002056788397238397, 0)
(92, 43, 0.002056788397238397, 0)
(92, 44, 0.002056788397238397, 0)
(93, 1, 0.0018511095575145574, 0)
(93, 3, 0.0018511095575145574, 0)
(93, 5, 0.0018511095575145574, 0)
(93, 6, 0.0018511095575145574, 0)
(93, 8, 0.0018511095575145574, 0)
(93, 9, 0.0018511095575145574, 0)
(93, 10, 0.0018511095575145574, 0)
(93, 11, 0.0018511095575145574, 0)
(93, 12, 0.0018511095575145574, 0)
(93, 13, 0.0018511095575145574, 0)
(93, 14, 0.0018511095575145574, 0)
(93, 15, 0.0018511095575145574, 0)
(93, 17, 0.0018511095575145574, 0)
(93, 18, 0.0018511095575145574, 0)
(93, 19, 0.0018511095575145574, 0)
(93, 23, 0.0018511095575145574, 0)
(93, 25, 0.0018511095575145574, 0)
(93, 27, 0.0018511095575145574, 0)
(93, 29, 0.0018511095575145574, 0)
(93, 31, 0.0018511095575145574, 0)
(93, 33, 0.0018511095575145574, 0)
(93, 34, 0.0018511095575145574, 0)
(93, 35, 0.0018511095575145574, 0)
(93, 38, 0.0018511095575145574, 0)
(93, 40, 0.0018511095575145574, 0)
(93, 41, 0.0018511095575145574, 0)
(93, 42, 0.0018511095575145574, 0)
(93, 44, 0.0018511095575145574, 0)
(93, 45, 0.0018511095575145574, 0)
(93, 46, 0.0018511095575145574, 0)
(94, 3, 0.0016659986017631017, 0)
(94, 4, 0.0016659986017631017, 0)
(94, 6, 0.0016659986017631017, 0)
(94, 7, 0.0016659986017631017, 0)
(94, 8, 0.0016659986017631017, 0)
(94, 9, 0.0016659986017631017, 0)
(94, 10, 0.0016659986017631017, 0)
(94, 11, 0.0016659986017631017, 0)
(94, 12, 0.0016659986017631017, 0)
(94, 14, 0.0016659986017631017, 0)
(94, 15, 0.0016659986017631017, 0)
(94, 17, 0.0016659986017631017, 0)
(94, 18, 0.0016659986017631017, 0)
(94, 19, 0.0016659986017631017, 0)
(94, 20, 0.0016659986017631017, 0)
(94, 21, 0.0016659986017631017, 0)
(94, 22, 0.0016659986017631017, 0)
(94, 23, 0.0016659986017631017, 0)
(94, 24, 0.0016659986017631017, 0)
(94, 25, 0.0016659986017631017, 0)
(94, 28, 0.0016659986017631017, 0)
(94, 30, 0.0016659986017631017, 0)
(94, 31, 0.0016659986017631017, 0)
(94, 32, 0.0016659986017631017, 0)
(94, 36, 0.0016659986017631017, 0)
(94, 39, 0.0016659986017631017, 0)
(94, 41, 0.0016659986017631017, 0)
(94, 42, 0.0016659986017631017, 0)
(94, 44, 0.0016659986017631017, 0)
(94, 46, 0.0016659986017631017, 0)
(95, 1, 0.0014993987415867916, 0)
(95, 3, 0.0014993987415867916, 0)
(95, 5, 0.0014993987415867916, 0)
(95, 6, 0.0014993987415867916, 0)
(95, 7, 0.0014993987415867916, 0)
(95, 10, 0.0014993987415867916, 0)
(95, 11, 0.0014993987415867916, 0)
(95, 12, 0.0014993987415867916, 0)
(95, 13, 0.0014993987415867916, 0)
(95, 15, 0.0014993987415867916, 0)
(95, 16, 0.0014993987415867916, 0)
(95, 17, 0.0014993987415867916, 0)
(95, 19, 0.0014993987415867916, 0)
(95, 20, 0.0014993987415867916, 0)
(95, 21, 0.0014993987415867916, 0)
(95, 22, 0.0014993987415867916, 0)
(95, 23, 0.0014993987415867916, 0)
(95, 24, 0.0014993987415867916, 0)
(95, 25, 0.0014993987415867916, 0)
(95, 26, 0.0014993987415867916, 0)
(95, 27, 0.0014993987415867916, 0)
(95, 28, 0.0014993987415867916, 0)
(95, 29, 0.0014993987415867916, 0)
(95, 30, 0.0014993987415867916, 0)
(95, 31, 0.0014993987415867916, 0)
(95, 32, 0.0014993987415867916, 0)
(95, 34, 0.0014993987415867916, 0)
(95, 35, 0.0014993987415867916, 0)
(95, 37, 0.0014993987415867916, 0)
(95, 38, 0.0014993987415867916, 0)
(96, 2, 0.0013494588674281124, 0)
(96, 5, 0.0013494588674281124, 0)
(96, 9, 0.0013494588674281124, 0)
(96, 11, 0.0013494588674281124, 0)
(96, 12, 0.0013494588674281124, 0)
(96, 14, 0.0013494588674281124, 0)
(96, 15, 0.0013494588674281124, 0)
(96, 16, 0.0013494588674281124, 0)
(96, 17, 0.0013494588674281124, 0)
(96, 18, 0.0013494588674281124, 0)
(96, 19, 0.0013494588674281124, 0)
(96, 21, 0.0013494588674281124, 0)
(96, 22, 0.0013494588674281124, 0)
(96, 24, 0.0013494588674281124, 0)
(96, 25, 0.0013494588674281124, 0)
(96, 27, 0.0013494588674281124, 0)
(96, 28, 0.0013494588674281124, 0)
(96, 29, 0.0013494588674281124, 0)
(96, 30, 0.0013494588674281124, 0)
(96, 32, 0.0013494588674281124, 0)
(96, 33, 0.0013494588674281124, 0)
(96, 34, 0.0013494588674281124, 0)
(96, 35, 0.0013494588674281124, 0)
(96, 36, 0.0013494588674281124, 0)
(96, 38, 0.0013494588674281124, 0)
(96, 39, 0.0013494588674281124, 0)
(96, 40, 0.0013494588674281124, 0)
(96, 41, 0.0013494588674281124, 0)
(96, 43, 0.0013494588674281124, 0)
(96, 45, 0.0013494588674281124, 0)
(97, 2, 0.0012145129806853013, 0)
(97, 3, 0.0012145129806853013, 0)
(97, 5, 0.0012145129806853013, 0)
(97, 6, 0.0012145129806853013, 0)
(97, 7, 0.0012145129806853013, 0)
(97, 8, 0.0012145129806853013, 0)
(97, 9, 0.0012145129806853013, 0)
(97, 11, 0.0012145129806853013, 0)
(97, 12, 0.0012145129806853013, 0)
(97, 13, 0.0012145129806853013, 0)
(97, 14, 0.0012145129806853013, 0)
(97, 15, 0.0012145129806853013, 0)
(97, 16, 0.0012145129806853013, 0)
(97, 17, 0.0012145129806853013, 0)
(97, 20, 0.0012145129806853013, 0)
(97, 21, 0.0012145129806853013, 0)
(97, 22, 0.0012145129806853013, 0)
(97, 23, 0.0012145129806853013, 0)
(97, 26, 0.0012145129806853013, 0)
(97, 28, 0.0012145129806853013, 0)
(97, 29, 0.0012145129806853013, 0)
(97, 33, 0.0012145129806853013, 0)
(97, 34, 0.0012145129806853013, 0)
(97, 36, 0.0012145129806853013, 0)
(97, 37, 0.0012145129806853013, 0)
(97, 39, 0.0012145129806853013, 0)
(97, 41, 0.0012145129806853013, 0)
(97, 42, 0.0012145129806853013, 0)
(97, 43, 0.0012145129806853013, 0)
(97, 44, 0.0012145129806853013, 0)
(98, 1, 0.0010930616826167713, 0)
(98, 3, 0.0010930616826167713, 0)
(98, 4, 0.0010930616826167713, 0)
(98, 6, 0.0010930616826167713, 0)
(98, 8, 0.0010930616826167713, 0)
(98, 9, 0.0010930616826167713, 0)
(98, 11, 0.0010930616826167713, 0)
(98, 12, 0.0010930616826167713, 0)
(98, 13, 0.0010930616826167713, 0)
(98, 14, 0.0010930616826167713, 0)
(98, 15, 0.0010930616826167713, 0)
(98, 16, 0.0010930616826167713, 0)
(98, 21, 0.0010930616826167713, 0)
(98, 23, 0.0010930616826167713, 0)
(98, 24, 0.0010930616826167713, 0)
(98, 25, 0.0010930616826167713, 0)
(98, 27, 0.0010930616826167713, 0)
(98, 29, 0.0010930616826167713, 0)
(98, 32, 0.0010930616826167713, 0)
(98, 36, 0.0010930616826167713, 0)
(98, 39, 0.0010930616826167713, 0)
(98, 40, 0.0010930616826167713, 0)
(98, 41, 0.0010930616826167713, 0)
(98, 43, 0.0010930616826167713, 0)
(98, 44, 0.0010930616826167713, 0)
(98, 45, 0.0010930616826167713, 0)
(98, 46, 0.0010930616826167713, 0)
(98, 48, 0.0010930616826167713, 0)
(98, 51, 0.0010930616826167713, 0)
(98, 54, 0.0010930616826167713, 0)
(99, 1, 0.0009837555143550941, 0)
(99, 3, 0.0009837555143550941, 0)
(99, 9, 0.0009837555143550941, 0)
(99, 10, 0.0009837555143550941, 0)
(99, 12, 0.0009837555143550941, 0)
(99, 13, 0.0009837555143550941, 0)
(99, 14, 0.0009837555143550941, 0)
(99, 22, 0.0009837555143550941, 0)
(99, 23, 0.0009837555143550941, 0)
(99, 25, 0.0009837555143550941, 0)
(99, 26, 0.0009837555143550941, 0)
(99, 27, 0.0009837555143550941, 0)
(99, 28, 0.0009837555143550941, 0)
(99, 29, 0.0009837555143550941, 0)
(99, 30, 0.0009837555143550941, 0)
(99, 31, 0.0009837555143550941, 0)
(99, 32, 0.0009837555143550941, 0)
(99, 33, 0.0009837555143550941, 0)
(99, 34, 0.0009837555143550941, 0)
(99, 35, 0.0009837555143550941, 0)
(99, 37, 0.0009837555143550941, 0)
(99, 38, 0.0009837555143550941, 0)
(99, 40, 0.0009837555143550941, 0)
(99, 41, 0.0009837555143550941, 0)
(99, 42, 0.0009837555143550941, 0)
(99, 45, 0.0009837555143550941, 0)
(99, 46, 0.0009837555143550941, 0)
(99, 48, 0.0009837555143550941, 0)
(99, 49, 0.0009837555143550941, 0)
(99, 50, 0.0009837555143550941, 0)
