100, 100, 30, 30, 0.9, 238
(1, 1, 30, 40)
(1, 2, 30, 40)
(1, 3, 30, 40)
(1, 4, 30, 40)
(1, 5, 30, 40)
(1, 6, 30, 37)
(1, 7, 30, 37)
(1, 8, 30, 39)
(1, 9, 30, 31)
(1, 10, 30, 24)
(1, 11, 30, 24)
(1, 12, 30, 11)
(1, 13, 30, 9)
(1, 14, 30, 9)
(1, 15, 30, 9)
(1, 16, 30, 13)
(1, 17, 30, 13)
(1, 18, 30, 15)
(1, 19, 30, 15)
(1, 20, 30, 15)
(1, 21, 30, 15)
(1, 22, 30, 15)
(1, 23, 30, 13)
(1, 24, 30, 13)
(1, 25, 30, 13)
(1, 26, 30, 24)
(1, 27, 30, 24)
(1, 28, 30, 24)
(1, 29, 30, 24)
(1, 30, 30, 13)
(2, 1, 27.0, 11)
(2, 2, 27.0, 11)
(2, 3, 27.0, 11)
(2, 4, 27.0, 22)
(2, 5, 27.0, 22)
(2, 6, 27.0, 22)
(2, 7, 27.0, 22)
(2, 9, 27.0, 30)
(2, 10, 27.0, 22)
(2, 11, 27.0, 13)
(2, 12, 27.0, 13)
(2, 13, 27.0, 11)
(2, 14, 27.0, 11)
(2, 15, 27.0, 11)
(2, 16, 27.0, 11)
(2, 17, 27.0, 19)
(2, 18, 27.0, 11)
(2, 19, 27.0, 11)
(2, 20, 27.0, 13)
(2, 21, 27.0, 13)
(2, 22, 27.0, 13)
(2, 24, 27.0, 13)
(2, 25, 27.0, 13)
(2, 27, 27.0, 13)
(2, 28, 27.0, 24)
(2, 29, 27.0, 24)
(2, 30, 27.0, 24)
(2, 31, 27.0, 24)
(2, 32, 27.0, 24)
(2, 33, 27.0, 22)
(3, 1, 24.3, 22)
(3, 2, 24.3, 13)
(3, 3, 24.3, 13)
(3, 4, 24.3, 13)
(3, 5, 24.3, 13)
(3, 6, 24.3, 15)
(3, 7, 24.3, 15)
(3, 8, 24.3, 15)
(3, 9, 24.3, 15)
(3, 10, 24.3, 15)
(3, 11, 24.3, 15)
(3, 12, 24.3, 11)
(3, 13, 24.3, 11)
(3, 14, 24.3, 15)
(3, 15, 24.3, 13)
(3, 16, 24.3, 13)
(3, 17, 24.3, 22)
(3, 18, 24.3, 22)
(3, 19, 24.3, 22)
(3, 20, 24.3, 22)
(3, 21, 24.3, 22)
(3, 22, 24.3, 24)
(3, 23, 24.3, 24)
(3, 24, 24.3, 24)
(3, 25, 24.3, 24)
(3, 27, 24.3, 24)
(3, 28, 24.3, 24)
(3, 29, 24.3, 24)
(3, 30, 24.3, 13)
(3, 31, 24.3, 13)
(4, 1, 21.87, 13)
(4, 2, 21.87, 22)
(4, 3, 21.87, 22)
(4, 4, 21.87, 22)
(4, 6, 21.87, 22)
(4, 7, 21.87, 22)
(4, 8, 21.87, 22)
(4, 9, 21.87, 22)
(4, 10, 21.87, 22)
(4, 11, 21.87, 11)
(4, 12, 21.87, 11)
(4, 13, 21.87, 11)
(4, 14, 21.87, 11)
(4, 15, 21.87, 19)
(4, 16, 21.87, 19)
(4, 17, 21.87, 8)
(4, 18, 21.87, 8)
(4, 20, 21.87, 8)
(4, 21, 21.87, 8)
(4, 22, 21.87, 8)
(4, 24, 21.87, 8)
(4, 25, 21.87, 8)
(4, 26, 21.87, 8)
(4, 27, 21.87, 8)
(4, 28, 21.87, 8)
(4, 29, 21.87, 11)
(4, 30, 21.87, 11)
(4, 32, 21.87, 11)
(4, 33, 21.87, 9)
(4, 34, 21.87, 9)
(5, 1, 19.683, 9)
(5, 2, 19.683, 9)
(5, 3, 19.683, 9)
(5, 4, 19.683, 9)
(5, 5, 19.683, 9)
(5, 6, 19.683, 9)
(5, 7, 19.683, 9)
(5, 8, 19.683, 9)
(5, 9, 19.683, 9)
(5, 10, 19.683, 9)
(5, 11, 19.683, 9)
(5, 12, 19.683, 17)
(5, 13, 19.683, 22)
(5, 15, 19.683, 13)
(5, 16, 19.683, 13)
(5, 17, 19.683, 13)
(5, 18, 19.683, 13)
(5, 19, 19.683, 13)
(5, 20, 19.683, 13)
(5, 21, 19.683, 24)
(5, 22, 19.683, 24)
(5, 23, 19.683, 24)
(5, 24, 19.683, 24)
(5, 25, 19.683, 24)
(5, 26, 19.683, 24)
(5, 27, 19.683, 24)
(5, 28, 19.683, 24)
(5, 29, 19.683, 24)
(5, 30, 19.683, 15)
(5, 31, 19.683, 15)
(6, 1, 17.7147, 15)
(6, 2, 17.7147, 15)
(6, 3, 17.7147, 15)
(6, 4, 17.7147, 15)
(6, 5, 17.7147, 25)
(6, 6, 17.7147, 25)
(6, 7, 17.7147, 25)
(6, 8, 17.7147, 25)
(6, 9, 17.7147, 25)
(6, 10, 17.7147, 25)
(6, 11, 17.7147, 25)
(6, 12, 17.7147, 33)
(6, 13, 17.7147, 33)
(6, 14, 17.7147, 33)
(6, 15, 17.7147, 33)
(6, 16, 17.7147, 32)
(6, 17, 17.7147, 22)
(6, 18, 17.7147, 22)
(6, 19, 17.7147, 22)
(6, 22, 17.7147, 22)
(6, 24, 17.7147, 24)
(6, 25, 17.7147, 24)
(6, 26, 17.7147, 24)
(6, 27, 17.7147, 24)
(6, 28, 17.7147, 22)
(6, 29, 17.7147, 22)
(6, 30, 17.7147, 22)
(6, 31, 17.7147, 22)
(6, 32, 17.7147, 22)
(6, 33, 17.7147, 13)
(7, 1, 15.943230000000002, 13)
(7, 2, 15.943230000000002, 13)
(7, 3, 15.943230000000002, 11)
(7, 4, 15.943230000000002, 11)
(7, 5, 15.943230000000002, 11)
(7, 6, 15.943230000000002, 11)
(7, 7, 15.943230000000002, 13)
(7, 8, 15.943230000000002, 22)
(7, 9, 15.943230000000002, 22)
(7, 10, 15.943230000000002, 22)
(7, 11, 15.943230000000002, 22)
(7, 13, 15.943230000000002, 22)
(7, 15, 15.943230000000002, 22)
(7, 16, 15.943230000000002, 22)
(7, 17, 15.943230000000002, 22)
(7, 18, 15.943230000000002, 22)
(7, 19, 15.943230000000002, 22)
(7, 20, 15.943230000000002, 22)
(7, 21, 15.943230000000002, 24)
(7, 22, 15.943230000000002, 24)
(7, 23, 15.943230000000002, 24)
(7, 24, 15.943230000000002, 32)
(7, 25, 15.943230000000002, 32)
(7, 26, 15.943230000000002, 32)
(7, 27, 15.943230000000002, 32)
(7, 28, 15.943230000000002, 32)
(7, 29, 15.943230000000002, 32)
(7, 30, 15.943230000000002, 32)
(7, 31, 15.943230000000002, 32)
(7, 32, 15.943230000000002, 32)
(8, 1, 14.348907000000002, 29)
(8, 2, 14.348907000000002, 19)
(8, 4, 14.348907000000002, 19)
(8, 5, 14.348907000000002, 19)
(8, 6, 14.348907000000002, 19)
(8, 7, 14.348907000000002, 19)
(8, 8, 14.348907000000002, 19)
(8, 10, 14.348907000000002, 19)
(8, 11, 14.348907000000002, 17)
(8, 12, 14.348907000000002, 17)
(8, 13, 14.348907000000002, 19)
(8, 14, 14.348907000000002, 19)
(8, 15, 14.348907000000002, 22)
(8, 17, 14.348907000000002, 32)
(8, 19, 14.348907000000002, 29)
(8, 20, 14.348907000000002, 29)
(8, 21, 14.348907000000002, 29)
(8, 22, 14.348907000000002, 29)
(8, 23, 14.348907000000002, 19)
(8, 24, 14.348907000000002, 19)
(8, 25, 14.348907000000002, 19)
(8, 26, 14.348907000000002, 19)
(8, 27, 14.348907000000002, 19)
(8, 28, 14.348907000000002, 19)
(8, 29, 14.348907000000002, 19)
(8, 30, 14.348907000000002, 19)
(8, 31, 14.348907000000002, 22)
(8, 32, 14.348907000000002, 19)
(8, 33, 14.348907000000002, 19)
(8, 34, 14.348907000000002, 29)
(9, 3, 12.914016300000002, 29)
(9, 4, 12.914016300000002, 32)
(9, 5, 12.914016300000002, 22)
(9, 6, 12.914016300000002, 22)
(9, 7, 12.914016300000002, 22)
(9, 8, 12.914016300000002, 22)
(9, 9, 12.914016300000002, 24)
(9, 10, 12.914016300000002, 13)
(9, 11, 12.914016300000002, 11)
(9, 12, 12.914016300000002, 11)
(9, 13, 12.914016300000002, 11)
(9, 14, 12.914016300000002, 11)
(9, 15, 12.914016300000002, 13)
(9, 16, 12.914016300000002, 13)
(9, 17, 12.914016300000002, 13)
(9, 18, 12.914016300000002, 13)
(9, 20, 12.914016300000002, 13)
(9, 21, 12.914016300000002, 13)
(9, 22, 12.914016300000002, 13)
(9, 23, 12.914016300000002, 11)
(9, 24, 12.914016300000002, 20)
(9, 26, 12.914016300000002, 20)
(9, 27, 12.914016300000002, 22)
(9, 29, 12.914016300000002, 22)
(9, 30, 12.914016300000002, 13)
(9, 31, 12.914016300000002, 13)
(9, 32, 12.914016300000002, 13)
(9, 34, 12.914016300000002, 13)
(9, 35, 12.914016300000002, 13)
(9, 36, 12.914016300000002, 22)
(10, 1, 11.622614670000003, 22)
(10, 2, 11.622614670000003, 22)
(10, 3, 11.622614670000003, 22)
(10, 4, 11.622614670000003, 22)
(10, 5, 11.622614670000003, 19)
(10, 6, 11.622614670000003, 19)
(10, 7, 11.622614670000003, 19)
(10, 8, 11.622614670000003, 19)
(10, 9, 11.622614670000003, 19)
(10, 10, 11.622614670000003, 19)
(10, 12, 11.622614670000003, 19)
(10, 13, 11.622614670000003, 19)
(10, 14, 11.622614670000003, 29)
(10, 15, 11.622614670000003, 32)
(10, 16, 11.622614670000003, 32)
(10, 17, 11.622614670000003, 32)
(10, 18, 11.622614670000003, 32)
(10, 19, 11.622614670000003, 32)
(10, 20, 11.622614670000003, 32)
(10, 21, 11.622614670000003, 32)
(10, 22, 11.622614670000003, 32)
(10, 23, 11.622614670000003, 22)
(10, 24, 11.622614670000003, 24)
(10, 26, 11.622614670000003, 24)
(10, 27, 11.622614670000003, 24)
(10, 28, 11.622614670000003, 25)
(10, 29, 11.622614670000003, 25)
(10, 30, 11.622614670000003, 25)
(10, 32, 11.622614670000003, 25)
(10, 34, 11.622614670000003, 24)
(11, 1, 10.460353203000002, 24)
(11, 2, 10.460353203000002, 24)
(11, 3, 10.460353203000002, 22)
(11, 4, 10.460353203000002, 22)
(11, 5, 10.460353203000002, 22)
(11, 6, 10.460353203000002, 22)
(11, 7, 10.460353203000002, 22)
(11, 8, 10.460353203000002, 22)
(11, 9, 10.460353203000002, 22)
(11, 10, 10.460353203000002, 22)
(11, 11, 10.460353203000002, 22)
(11, 12, 10.460353203000002, 32)
(11, 13, 10.460353203000002, 32)
(11, 14, 10.460353203000002, 22)
(11, 16, 10.460353203000002, 22)
(11, 17, 10.460353203000002, 22)
(11, 18, 10.460353203000002, 22)
(11, 19, 10.460353203000002, 11)
(11, 20, 10.460353203000002, 9)
(11, 21, 10.460353203000002, 9)
(11, 22, 10.460353203000002, 9)
(11, 23, 10.460353203000002, 7)
(11, 24, 10.460353203000002, 7)
(11, 25, 10.460353203000002, 7)
(11, 27, 10.460353203000002, 11)
(11, 28, 10.460353203000002, 11)
(11, 29, 10.460353203000002, 11)
(11, 30, 10.460353203000002, 11)
(11, 31, 10.460353203000002, 11)
(11, 32, 10.460353203000002, 11)
(12, 1, 9.414317882700002, 11)
(12, 3, 9.414317882700002, 11)
(12, 4, 9.414317882700002, 11)
(12, 5, 9.414317882700002, 20)
(12, 6, 9.414317882700002, 20)
(12, 8, 9.414317882700002, 20)
(12, 10, 9.414317882700002, 20)
(12, 11, 9.414317882700002, 20)
(12, 12, 9.414317882700002, 11)
(12, 13, 9.414317882700002, 11)
(12, 15, 9.414317882700002, 11)
(12, 16, 9.414317882700002, 11)
(12, 17, 9.414317882700002, 11)
(12, 19, 9.414317882700002, 11)
(12, 20, 9.414317882700002, 9)
(12, 21, 9.414317882700002, 9)
(12, 22, 9.414317882700002, 9)
(12, 23, 9.414317882700002, 20)
(12, 24, 9.414317882700002, 20)
(12, 25, 9.414317882700002, 27)
(12, 26, 9.414317882700002, 27)
(12, 27, 9.414317882700002, 27)
(12, 28, 9.414317882700002, 39)
(12, 29, 9.414317882700002, 39)
(12, 30, 9.414317882700002, 27)
(12, 31, 9.414317882700002, 27)
(12, 32, 9.414317882700002, 27)
(12, 33, 9.414317882700002, 32)
(12, 34, 9.414317882700002, 29)
(12, 35, 9.414317882700002, 29)
(13, 1, 8.472886094430002, 29)
(13, 2, 8.472886094430002, 22)
(13, 3, 8.472886094430002, 24)
(13, 4, 8.472886094430002, 24)
(13, 5, 8.472886094430002, 24)
(13, 7, 8.472886094430002, 24)
(13, 10, 8.472886094430002, 24)
(13, 11, 8.472886094430002, 24)
(13, 12, 8.472886094430002, 24)
(13, 13, 8.472886094430002, 13)
(13, 14, 8.472886094430002, 13)
(13, 15, 8.472886094430002, 13)
(13, 16, 8.472886094430002, 13)
(13, 17, 8.472886094430002, 13)
(13, 18, 8.472886094430002, 13)
(13, 19, 8.472886094430002, 15)
(13, 20, 8.472886094430002, 15)
(13, 21, 8.472886094430002, 15)
(13, 22, 8.472886094430002, 15)
(13, 23, 8.472886094430002, 13)
(13, 24, 8.472886094430002, 13)
(13, 25, 8.472886094430002, 13)
(13, 26, 8.472886094430002, 15)
(13, 27, 8.472886094430002, 15)
(13, 29, 8.472886094430002, 15)
(13, 30, 8.472886094430002, 24)
(13, 31, 8.472886094430002, 24)
(13, 32, 8.472886094430002, 22)
(13, 33, 8.472886094430002, 24)
(13, 34, 8.472886094430002, 24)
(14, 1, 7.6255974849870025, 24)
(14, 2, 7.6255974849870025, 22)
(14, 4, 7.6255974849870025, 32)
(14, 5, 7.6255974849870025, 32)
(14, 6, 7.6255974849870025, 24)
(14, 7, 7.6255974849870025, 13)
(14, 8, 7.6255974849870025, 13)
(14, 9, 7.6255974849870025, 13)
(14, 10, 7.6255974849870025, 11)
(14, 11, 7.6255974849870025, 11)
(14, 12, 7.6255974849870025, 11)
(14, 13, 7.6255974849870025, 11)
(14, 14, 7.6255974849870025, 11)
(14, 15, 7.6255974849870025, 11)
(14, 16, 7.6255974849870025, 13)
(14, 17, 7.6255974849870025, 11)
(14, 18, 7.6255974849870025, 11)
(14, 20, 7.6255974849870025, 11)
(14, 21, 7.6255974849870025, 11)
(14, 22, 7.6255974849870025, 8)
(14, 23, 7.6255974849870025, 11)
(14, 24, 7.6255974849870025, 11)
(14, 25, 7.6255974849870025, 11)
(14, 26, 7.6255974849870025, 11)
(14, 27, 7.6255974849870025, 11)
(14, 28, 7.6255974849870025, 11)
(14, 30, 7.6255974849870025, 11)
(14, 31, 7.6255974849870025, 6)
(14, 32, 7.6255974849870025, 6)
(14, 34, 7.6255974849870025, 6)
(15, 1, 6.863037736488303, 6)
(15, 2, 6.863037736488303, 4)
(15, 3, 6.863037736488303, 4)
(15, 4, 6.863037736488303, 4)
(15, 5, 6.863037736488303, 4)
(15, 6, 6.863037736488303, 4)
(15, 7, 6.863037736488303, 4)
(15, 8, 6.863037736488303, 4)
(15, 11, 6.863037736488303, 4)
(15, 12, 6.863037736488303, 4)
(15, 13, 6.863037736488303, 4)
(15, 14, 6.863037736488303, 4)
(15, 15, 6.863037736488303, 9)
(15, 17, 6.863037736488303, 11)
(15, 18, 6.863037736488303, 11)
(15, 19, 6.863037736488303, 11)
(15, 20, 6.863037736488303, 11)
(15, 21, 6.863037736488303, 11)
(15, 22, 6.863037736488303, 11)
(15, 23, 6.863037736488303, 11)
(15, 24, 6.863037736488303, 11)
(15, 25, 6.863037736488303, 11)
(15, 27, 6.863037736488303, 11)
(15, 28, 6.863037736488303, 19)
(15, 29, 6.863037736488303, 22)
(15, 30, 6.863037736488303, 22)
(15, 32, 6.863037736488303, 22)
(15, 33, 6.863037736488303, 22)
(15, 34, 6.863037736488303, 22)
(15, 36, 6.863037736488303, 22)
(16, 1, 6.176733962839473, 24)
(16, 2, 6.176733962839473, 24)
(16, 3, 6.176733962839473, 24)
(16, 6, 6.176733962839473, 24)
(16, 7, 6.176733962839473, 24)
(16, 8, 6.176733962839473, 24)
(16, 9, 6.176733962839473, 24)
(16, 10, 6.176733962839473, 15)
(16, 11, 6.176733962839473, 13)
(16, 12, 6.176733962839473, 15)
(16, 13, 6.176733962839473, 15)
(16, 14, 6.176733962839473, 15)
(16, 15, 6.176733962839473, 15)
(16, 16, 6.176733962839473, 13)
(16, 18, 6.176733962839473, 13)
(16, 19, 6.176733962839473, 13)
(16, 20, 6.176733962839473, 13)
(16, 21, 6.176733962839473, 13)
(16, 22, 6.176733962839473, 13)
(16, 23, 6.176733962839473, 24)
(16, 24, 6.176733962839473, 15)
(16, 25, 6.176733962839473, 15)
(16, 26, 6.176733962839473, 15)
(16, 27, 6.176733962839473, 15)
(16, 28, 6.176733962839473, 15)
(16, 30, 6.176733962839473, 15)
(16, 32, 6.176733962839473, 12)
(16, 33, 6.176733962839473, 12)
(16, 34, 6.176733962839473, 12)
(16, 35, 6.176733962839473, 12)
(17, 1, 5.559060566555526, 15)
(17, 2, 5.559060566555526, 13)
(17, 3, 5.559060566555526, 13)
(17, 4, 5.559060566555526, 13)
(17, 5, 5.559060566555526, 24)
(17, 6, 5.559060566555526, 24)
(17, 8, 5.559060566555526, 25)
(17, 9, 5.559060566555526, 25)
(17, 10, 5.559060566555526, 25)
(17, 12, 5.559060566555526, 25)
(17, 13, 5.559060566555526, 24)
(17, 14, 5.559060566555526, 24)
(17, 15, 5.559060566555526, 24)
(17, 16, 5.559060566555526, 24)
(17, 17, 5.559060566555526, 24)
(17, 18, 5.559060566555526, 24)
(17, 21, 5.559060566555526, 13)
(17, 22, 5.559060566555526, 13)
(17, 24, 5.559060566555526, 13)
(17, 26, 5.559060566555526, 13)
(17, 27, 5.559060566555526, 13)
(17, 28, 5.559060566555526, 15)
(17, 29, 5.559060566555526, 13)
(17, 30, 5.559060566555526, 13)
(17, 31, 5.559060566555526, 13)
(17, 32, 5.559060566555526, 15)
(17, 33, 5.559060566555526, 13)
(17, 35, 5.559060566555526, 13)
(17, 36, 5.559060566555526, 13)
(17, 37, 5.559060566555526, 13)
(18, 1, 5.003154509899973, 13)
(18, 2, 5.003154509899973, 13)
(18, 4, 5.003154509899973, 13)
(18, 5, 5.003154509899973, 13)
(18, 8, 5.003154509899973, 13)
(18, 9, 5.003154509899973, 11)
(18, 10, 5.003154509899973, 11)
(18, 11, 5.003154509899973, 11)
(18, 12, 5.003154509899973, 11)
(18, 13, 5.003154509899973, 13)
(18, 15, 5.003154509899973, 13)
(18, 17, 5.003154509899973, 13)
(18, 18, 5.003154509899973, 11)
(18, 20, 5.003154509899973, 11)
(18, 21, 5.003154509899973, 11)
(18, 22, 5.003154509899973, 11)
(18, 23, 5.003154509899973, 11)
(18, 24, 5.003154509899973, 11)
(18, 25, 5.003154509899973, 9)
(18, 27, 5.003154509899973, 9)
(18, 28, 5.003154509899973, 9)
(18, 29, 5.003154509899973, 9)
(18, 30, 5.003154509899973, 9)
(18, 33, 5.003154509899973, 9)
(18, 34, 5.003154509899973, 9)
(18, 35, 5.003154509899973, 9)
(18, 38, 5.003154509899973, 13)
(18, 39, 5.003154509899973, 11)
(18, 41, 5.003154509899973, 11)
(18, 42, 5.003154509899973, 11)
(19, 2, 4.502839058909976, 11)
(19, 3, 4.502839058909976, 11)
(19, 5, 4.502839058909976, 11)
(19, 6, 4.502839058909976, 11)
(19, 7, 4.502839058909976, 11)
(19, 8, 4.502839058909976, 11)
(19, 9, 4.502839058909976, 11)
(19, 10, 4.502839058909976, 11)
(19, 12, 4.502839058909976, 11)
(19, 13, 4.502839058909976, 11)
(19, 14, 4.502839058909976, 13)
(19, 16, 4.502839058909976, 13)
(19, 17, 4.502839058909976, 13)
(19, 18, 4.502839058909976, 13)
(19, 20, 4.502839058909976, 13)
(19, 21, 4.502839058909976, 13)
(19, 22, 4.502839058909976, 11)
(19, 23, 4.502839058909976, 11)
(19, 24, 4.502839058909976, 11)
(19, 26, 4.502839058909976, 13)
(19, 27, 4.502839058909976, 15)
(19, 28, 4.502839058909976, 13)
(19, 29, 4.502839058909976, 13)
(19, 30, 4.502839058909976, 13)
(19, 31, 4.502839058909976, 13)
(19, 32, 4.502839058909976, 13)
(19, 34, 4.502839058909976, 13)
(19, 35, 4.502839058909976, 13)
(19, 36, 4.502839058909976, 13)
(19, 37, 4.502839058909976, 13)
(20, 3, 4.052555153018979, 13)
(20, 4, 4.052555153018979, 13)
(20, 5, 4.052555153018979, 13)
(20, 6, 4.052555153018979, 13)
(20, 7, 4.052555153018979, 11)
(20, 8, 4.052555153018979, 11)
(20, 9, 4.052555153018979, 11)
(20, 11, 4.052555153018979, 11)
(20, 13, 4.052555153018979, 11)
(20, 14, 4.052555153018979, 11)
(20, 15, 4.052555153018979, 11)
(20, 16, 4.052555153018979, 11)
(20, 17, 4.052555153018979, 13)
(20, 18, 4.052555153018979, 13)
(20, 19, 4.052555153018979, 13)
(20, 20, 4.052555153018979, 13)
(20, 22, 4.052555153018979, 13)
(20, 23, 4.052555153018979, 13)
(20, 25, 4.052555153018979, 13)
(20, 26, 4.052555153018979, 13)
(20, 27, 4.052555153018979, 13)
(20, 29, 4.052555153018979, 15)
(20, 30, 4.052555153018979, 13)
(20, 32, 4.052555153018979, 13)
(20, 33, 4.052555153018979, 13)
(20, 34, 4.052555153018979, 13)
(20, 37, 4.052555153018979, 13)
(20, 38, 4.052555153018979, 13)
(20, 39, 4.052555153018979, 13)
(20, 40, 4.052555153018979, 13)
(21, 1, 3.6472996377170808, 13)
(21, 2, 3.6472996377170808, 13)
(21, 3, 3.6472996377170808, 16)
(21, 4, 3.6472996377170808, 16)
(21, 6, 3.6472996377170808, 16)
(21, 7, 3.6472996377170808, 16)
(21, 9, 3.6472996377170808, 16)
(21, 10, 3.6472996377170808, 16)
(21, 13, 3.6472996377170808, 16)
(21, 14, 3.6472996377170808, 16)
(21, 15, 3.6472996377170808, 11)
(21, 16, 3.6472996377170808, 13)
(21, 18, 3.6472996377170808, 13)
(21, 19, 3.6472996377170808, 15)
(21, 20, 3.6472996377170808, 15)
(21, 21, 3.6472996377170808, 13)
(21, 22, 3.6472996377170808, 13)
(21, 25, 3.6472996377170808, 13)
(21, 26, 3.6472996377170808, 24)
(21, 27, 3.6472996377170808, 33)
(21, 28, 3.6472996377170808, 32)
(21, 29, 3.6472996377170808, 32)
(21, 30, 3.6472996377170808, 32)
(21, 31, 3.6472996377170808, 32)
(21, 32, 3.6472996377170808, 29)
(21, 33, 3.6472996377170808, 29)
(21, 35, 3.6472996377170808, 29)
(21, 36, 3.6472996377170808, 29)
(21, 37, 3.6472996377170808, 22)
(21, 38, 3.6472996377170808, 22)
(22, 1, 3.282569673945373, 13)
(22, 2, 3.282569673945373, 13)
(22, 4, 3.282569673945373, 13)
(22, 5, 3.282569673945373, 13)
(22, 6, 3.282569673945373, 11)
(22, 7, 3.282569673945373, 11)
(22, 8, 3.282569673945373, 11)
(22, 9, 3.282569673945373, 11)
(22, 10, 3.282569673945373, 11)
(22, 11, 3.282569673945373, 11)
(22, 12, 3.282569673945373, 11)
(22, 13, 3.282569673945373, 11)
(22, 14, 3.282569673945373, 11)
(22, 15, 3.282569673945373, 8)
(22, 16, 3.282569673945373, 8)
(22, 19, 3.282569673945373, 8)
(22, 20, 3.282569673945373, 8)
(22, 21, 3.282569673945373, 8)
(22, 22, 3.282569673945373, 8)
(22, 23, 3.282569673945373, 8)
(22, 24, 3.282569673945373, 8)
(22, 25, 3.282569673945373, 11)
(22, 27, 3.282569673945373, 11)
(22, 29, 3.282569673945373, 11)
(22, 30, 3.282569673945373, 11)
(22, 31, 3.282569673945373, 11)
(22, 32, 3.282569673945373, 11)
(22, 33, 3.282569673945373, 11)
(22, 34, 3.282569673945373, 11)
(22, 35, 3.282569673945373, 11)
(23, 1, 2.954312706550836, 11)
(23, 2, 2.954312706550836, 11)
(23, 3, 2.954312706550836, 11)
(23, 4, 2.954312706550836, 11)
(23, 5, 2.954312706550836, 11)
(23, 6, 2.954312706550836, 11)
(23, 7, 2.954312706550836, 11)
(23, 9, 2.954312706550836, 11)
(23, 11, 2.954312706550836, 11)
(23, 12, 2.954312706550836, 11)
(23, 13, 2.954312706550836, 11)
(23, 14, 2.954312706550836, 11)
(23, 15, 2.954312706550836, 13)
(23, 16, 2.954312706550836, 13)
(23, 17, 2.954312706550836, 13)
(23, 18, 2.954312706550836, 13)
(23, 19, 2.954312706550836, 13)
(23, 20, 2.954312706550836, 13)
(23, 21, 2.954312706550836, 13)
(23, 22, 2.954312706550836, 13)
(23, 23, 2.954312706550836, 13)
(23, 24, 2.954312706550836, 11)
(23, 25, 2.954312706550836, 11)
(23, 27, 2.954312706550836, 11)
(23, 28, 2.954312706550836, 11)
(23, 29, 2.954312706550836, 11)
(23, 30, 2.954312706550836, 11)
(23, 31, 2.954312706550836, 11)
(23, 32, 2.954312706550836, 11)
(23, 34, 2.954312706550836, 11)
(24, 1, 2.6588814358957524, 11)
(24, 2, 2.6588814358957524, 13)
(24, 3, 2.6588814358957524, 13)
(24, 5, 2.6588814358957524, 13)
(24, 6, 2.6588814358957524, 13)
(24, 8, 2.6588814358957524, 13)
(24, 9, 2.6588814358957524, 13)
(24, 10, 2.6588814358957524, 13)
(24, 11, 2.6588814358957524, 15)
(24, 12, 2.6588814358957524, 15)
(24, 13, 2.6588814358957524, 15)
(24, 15, 2.6588814358957524, 15)
(24, 17, 2.6588814358957524, 15)
(24, 18, 2.6588814358957524, 15)
(24, 19, 2.6588814358957524, 15)
(24, 20, 2.6588814358957524, 15)
(24, 21, 2.6588814358957524, 15)
(24, 22, 2.6588814358957524, 15)
(24, 23, 2.6588814358957524, 15)
(24, 24, 2.6588814358957524, 15)
(24, 27, 2.6588814358957524, 15)
(24, 28, 2.6588814358957524, 15)
(24, 29, 2.6588814358957524, 15)
(24, 30, 2.6588814358957524, 15)
(24, 31, 2.6588814358957524, 15)
(24, 32, 2.6588814358957524, 15)
(24, 33, 2.6588814358957524, 15)
(24, 35, 2.6588814358957524, 15)
(24, 36, 2.6588814358957524, 15)
(24, 38, 2.6588814358957524, 15)
(25, 1, 2.392993292306177, 15)
(25, 2, 2.392993292306177, 15)
(25, 3, 2.392993292306177, 15)
(25, 4, 2.392993292306177, 15)
(25, 6, 2.392993292306177, 15)
(25, 7, 2.392993292306177, 15)
(25, 8, 2.392993292306177, 15)
(25, 9, 2.392993292306177, 14)
(25, 10, 2.392993292306177, 14)
(25, 11, 2.392993292306177, 14)
(25, 12, 2.392993292306177, 14)
(25, 13, 2.392993292306177, 14)
(25, 14, 2.392993292306177, 14)
(25, 15, 2.392993292306177, 14)
(25, 16, 2.392993292306177, 14)
(25, 17, 2.392993292306177, 14)
(25, 19, 2.392993292306177, 14)
(25, 20, 2.392993292306177, 14)
(25, 21, 2.392993292306177, 14)
(25, 23, 2.392993292306177, 14)
(25, 24, 2.392993292306177, 14)
(25, 26, 2.392993292306177, 14)
(25, 27, 2.392993292306177, 14)
(25, 28, 2.392993292306177, 14)
(25, 29, 2.392993292306177, 13)
(25, 30, 2.392993292306177, 13)
(25, 32, 2.392993292306177, 13)
(25, 33, 2.392993292306177, 13)
(25, 34, 2.392993292306177, 13)
(25, 35, 2.392993292306177, 13)
(26, 1, 2.1536939630755594, 13)
(26, 3, 2.1536939630755594, 13)
(26, 4, 2.1536939630755594, 14)
(26, 5, 2.1536939630755594, 16)
(26, 6, 2.1536939630755594, 16)
(26, 8, 2.1536939630755594, 16)
(26, 10, 2.1536939630755594, 16)
(26, 11, 2.1536939630755594, 16)
(26, 13, 2.1536939630755594, 15)
(26, 14, 2.1536939630755594, 15)
(26, 15, 2.1536939630755594, 13)
(26, 18, 2.1536939630755594, 13)
(26, 19, 2.1536939630755594, 13)
(26, 20, 2.1536939630755594, 13)
(26, 21, 2.1536939630755594, 13)
(26, 22, 2.1536939630755594, 13)
(26, 23, 2.1536939630755594, 13)
(26, 24, 2.1536939630755594, 13)
(26, 26, 2.1536939630755594, 15)
(26, 28, 2.1536939630755594, 15)
(26, 30, 2.1536939630755594, 15)
(26, 31, 2.1536939630755594, 15)
(26, 32, 2.1536939630755594, 15)
(26, 33, 2.1536939630755594, 14)
(26, 34, 2.1536939630755594, 14)
(26, 35, 2.1536939630755594, 15)
(26, 37, 2.1536939630755594, 15)
(26, 38, 2.1536939630755594, 15)
(26, 39, 2.1536939630755594, 15)
(26, 40, 2.1536939630755594, 15)
(27, 1, 1.9383245667680036, 15)
(27, 2, 1.9383245667680036, 15)
(27, 3, 1.9383245667680036, 15)
(27, 4, 1.9383245667680036, 15)
(27, 5, 1.9383245667680036, 15)
(27, 6, 1.9383245667680036, 15)
(27, 7, 1.9383245667680036, 15)
(27, 8, 1.9383245667680036, 15)
(27, 9, 1.9383245667680036, 15)
(27, 10, 1.9383245667680036, 15)
(27, 11, 1.9383245667680036, 13)
(27, 12, 1.9383245667680036, 13)
(27, 14, 1.9383245667680036, 11)
(27, 15, 1.9383245667680036, 11)
(27, 16, 1.9383245667680036, 11)
(27, 17, 1.9383245667680036, 6)
(27, 18, 1.9383245667680036, 6)
(27, 20, 1.9383245667680036, 8)
(27, 21, 1.9383245667680036, 8)
(27, 22, 1.9383245667680036, 8)
(27, 25, 1.9383245667680036, 8)
(27, 26, 1.9383245667680036, 8)
(27, 29, 1.9383245667680036, 8)
(27, 30, 1.9383245667680036, 8)
(27, 31, 1.9383245667680036, 8)
(27, 32, 1.9383245667680036, 8)
(27, 33, 1.9383245667680036, 8)
(27, 34, 1.9383245667680036, 8)
(27, 35, 1.9383245667680036, 11)
(27, 36, 1.9383245667680036, 11)
(28, 2, 1.7444921100912032, 11)
(28, 3, 1.7444921100912032, 11)
(28, 4, 1.7444921100912032, 11)
(28, 5, 1.7444921100912032, 11)
(28, 6, 1.7444921100912032, 11)
(28, 7, 1.7444921100912032, 11)
(28, 9, 1.7444921100912032, 11)
(28, 10, 1.7444921100912032, 11)
(28, 11, 1.7444921100912032, 11)
(28, 12, 1.7444921100912032, 11)
(28, 13, 1.7444921100912032, 11)
(28, 14, 1.7444921100912032, 9)
(28, 16, 1.7444921100912032, 9)
(28, 17, 1.7444921100912032, 9)
(28, 18, 1.7444921100912032, 9)
(28, 19, 1.7444921100912032, 9)
(28, 20, 1.7444921100912032, 9)
(28, 23, 1.7444921100912032, 9)
(28, 24, 1.7444921100912032, 9)
(28, 25, 1.7444921100912032, 9)
(28, 26, 1.7444921100912032, 9)
(28, 27, 1.7444921100912032, 9)
(28, 28, 1.7444921100912032, 9)
(28, 29, 1.7444921100912032, 9)
(28, 30, 1.7444921100912032, 9)
(28, 31, 1.7444921100912032, 9)
(28, 35, 1.7444921100912032, 9)
(28, 36, 1.7444921100912032, 9)
(28, 37, 1.7444921100912032, 11)
(28, 38, 1.7444921100912032, 11)
(29, 1, 1.570042899082083, 11)
(29, 3, 1.570042899082083, 11)
(29, 4, 1.570042899082083, 11)
(29, 5, 1.570042899082083, 11)
(29, 10, 1.570042899082083, 11)
(29, 11, 1.570042899082083, 9)
(29, 13, 1.570042899082083, 9)
(29, 14, 1.570042899082083, 9)
(29, 15, 1.570042899082083, 9)
(29, 16, 1.570042899082083, 9)
(29, 18, 1.570042899082083, 11)
(29, 19, 1.570042899082083, 11)
(29, 21, 1.570042899082083, 11)
(29, 22, 1.570042899082083, 11)
(29, 28, 1.570042899082083, 11)
(29, 29, 1.570042899082083, 11)
(29, 30, 1.570042899082083, 11)
(29, 32, 1.570042899082083, 9)
(29, 33, 1.570042899082083, 6)
(29, 34, 1.570042899082083, 6)
(29, 35, 1.570042899082083, 6)
(29, 36, 1.570042899082083, 4)
(29, 37, 1.570042899082083, 4)
(29, 39, 1.570042899082083, 4)
(29, 40, 1.570042899082083, 4)
(29, 41, 1.570042899082083, 4)
(29, 42, 1.570042899082083, 4)
(29, 43, 1.570042899082083, 4)
(29, 44, 1.570042899082083, 4)
(29, 45, 1.570042899082083, 4)
(30, 1, 1.4130386091738747, 4)
(30, 2, 1.4130386091738747, 11)
(30, 4, 1.4130386091738747, 11)
(30, 5, 1.4130386091738747, 11)
(30, 6, 1.4130386091738747, 11)
(30, 7, 1.4130386091738747, 11)
(30, 10, 1.4130386091738747, 11)
(30, 11, 1.4130386091738747, 11)
(30, 12, 1.4130386091738747, 11)
(30, 13, 1.4130386091738747, 11)
(30, 14, 1.4130386091738747, 13)
(30, 15, 1.4130386091738747, 13)
(30, 16, 1.4130386091738747, 13)
(30, 17, 1.4130386091738747, 13)
(30, 18, 1.4130386091738747, 13)
(30, 19, 1.4130386091738747, 13)
(30, 20, 1.4130386091738747, 13)
(30, 22, 1.4130386091738747, 13)
(30, 23, 1.4130386091738747, 13)
(30, 24, 1.4130386091738747, 13)
(30, 25, 1.4130386091738747, 13)
(30, 27, 1.4130386091738747, 13)
(30, 28, 1.4130386091738747, 13)
(30, 29, 1.4130386091738747, 13)
(30, 30, 1.4130386091738747, 9)
(30, 35, 1.4130386091738747, 9)
(30, 37, 1.4130386091738747, 9)
(30, 38, 1.4130386091738747, 6)
(30, 39, 1.4130386091738747, 6)
(30, 40, 1.4130386091738747, 6)
(31, 1, 1.2717347482564874, 6)
(31, 2, 1.2717347482564874, 6)
(31, 3, 1.2717347482564874, 6)
(31, 5, 1.2717347482564874, 6)
(31, 6, 1.2717347482564874, 6)
(31, 7, 1.2717347482564874, 6)
(31, 9, 1.2717347482564874, 6)
(31, 10, 1.2717347482564874, 6)
(31, 12, 1.2717347482564874, 6)
(31, 14, 1.2717347482564874, 6)
(31, 15, 1.2717347482564874, 6)
(31, 19, 1.2717347482564874, 6)
(31, 20, 1.2717347482564874, 6)
(31, 24, 1.2717347482564874, 6)
(31, 27, 1.2717347482564874, 6)
(31, 29, 1.2717347482564874, 6)
(31, 32, 1.2717347482564874, 6)
(31, 33, 1.2717347482564874, 6)
(31, 34, 1.2717347482564874, 6)
(31, 36, 1.2717347482564874, 6)
(31, 38, 1.2717347482564874, 6)
(31, 41, 1.2717347482564874, 6)
(31, 42, 1.2717347482564874, 6)
(31, 43, 1.2717347482564874, 6)
(31, 44, 1.2717347482564874, 6)
(31, 45, 1.2717347482564874, 6)
(31, 46, 1.2717347482564874, 6)
(31, 47, 1.2717347482564874, 6)
(31, 50, 1.2717347482564874, 6)
(31, 51, 1.2717347482564874, 6)
(32, 2, 1.1445612734308386, 6)
(32, 3, 1.1445612734308386, 6)
(32, 4, 1.1445612734308386, 6)
(32, 6, 1.1445612734308386, 9)
(32, 7, 1.1445612734308386, 9)
(32, 8, 1.1445612734308386, 9)
(32, 9, 1.1445612734308386, 9)
(32, 10, 1.1445612734308386, 9)
(32, 11, 1.1445612734308386, 9)
(32, 12, 1.1445612734308386, 9)
(32, 13, 1.1445612734308386, 9)
(32, 14, 1.1445612734308386, 9)
(32, 15, 1.1445612734308386, 6)
(32, 20, 1.1445612734308386, 6)
(32, 21, 1.1445612734308386, 6)
(32, 22, 1.1445612734308386, 6)
(32, 25, 1.1445612734308386, 6)
(32, 26, 1.1445612734308386, 6)
(32, 27, 1.1445612734308386, 6)
(32, 29, 1.1445612734308386, 6)
(32, 30, 1.1445612734308386, 6)
(32, 32, 1.1445612734308386, 6)
(32, 33, 1.1445612734308386, 6)
(32, 34, 1.1445612734308386, 6)
(32, 36, 1.1445612734308386, 6)
(32, 37, 1.1445612734308386, 6)
(32, 38, 1.1445612734308386, 6)
(32, 39, 1.1445612734308386, 6)
(32, 40, 1.1445612734308386, 6)
(32, 41, 1.1445612734308386, 6)
(33, 2, 1.0301051460877548, 6)
(33, 3, 1.0301051460877548, 6)
(33, 4, 1.0301051460877548, 6)
(33, 5, 1.0301051460877548, 6)
(33, 6, 1.0301051460877548, 6)
(33, 7, 1.0301051460877548, 6)
(33, 8, 1.0301051460877548, 6)
(33, 9, 1.0301051460877548, 6)
(33, 10, 1.0301051460877548, 6)
(33, 11, 1.0301051460877548, 6)
(33, 13, 1.0301051460877548, 6)
(33, 14, 1.0301051460877548, 6)
(33, 16, 1.0301051460877548, 6)
(33, 17, 1.0301051460877548, 6)
(33, 18, 1.0301051460877548, 6)
(33, 19, 1.0301051460877548, 6)
(33, 20, 1.0301051460877548, 6)
(33, 21, 1.0301051460877548, 6)
(33, 23, 1.0301051460877548, 6)
(33, 24, 1.0301051460877548, 6)
(33, 25, 1.0301051460877548, 6)
(33, 26, 1.0301051460877548, 6)
(33, 27, 1.0301051460877548, 6)
(33, 29, 1.0301051460877548, 6)
(33, 30, 1.0301051460877548, 6)
(33, 31, 1.0301051460877548, 6)
(33, 32, 1.0301051460877548, 6)
(33, 33, 1.0301051460877548, 6)
(33, 34, 1.0301051460877548, 6)
(33, 35, 1.0301051460877548, 6)
(34, 1, 0.9270946314789794, 6)
(34, 2, 0.9270946314789794, 6)
(34, 3, 0.9270946314789794, 6)
(34, 4, 0.9270946314789794, 6)
(34, 5, 0.9270946314789794, 6)
(34, 7, 0.9270946314789794, 6)
(34, 8, 0.9270946314789794, 6)
(34, 9, 0.9270946314789794, 6)
(34, 10, 0.9270946314789794, 6)
(34, 12, 0.9270946314789794, 6)
(34, 14, 0.9270946314789794, 6)
(34, 16, 0.9270946314789794, 6)
(34, 17, 0.9270946314789794, 6)
(34, 19, 0.9270946314789794, 6)
(34, 21, 0.9270946314789794, 6)
(34, 22, 0.9270946314789794, 6)
(34, 23, 0.9270946314789794, 6)
(34, 24, 0.9270946314789794, 6)
(34, 25, 0.9270946314789794, 6)
(34, 26, 0.9270946314789794, 6)
(34, 27, 0.9270946314789794, 6)
(34, 28, 0.9270946314789794, 6)
(34, 31, 0.9270946314789794, 6)
(34, 32, 0.9270946314789794, 6)
(34, 34, 0.9270946314789794, 6)
(34, 35, 0.9270946314789794, 6)
(34, 36, 0.9270946314789794, 6)
(34, 38, 0.9270946314789794, 6)
(34, 41, 0.9270946314789794, 6)
(34, 42, 0.9270946314789794, 6)
(35, 2, 0.8343851683310815, 6)
(35, 3, 0.8343851683310815, 6)
(35, 4, 0.8343851683310815, 6)
(35, 5, 0.8343851683310815, 6)
(35, 6, 0.8343851683310815, 6)
(35, 8, 0.8343851683310815, 6)
(35, 9, 0.8343851683310815, 6)
(35, 10, 0.8343851683310815, 6)
(35, 11, 0.8343851683310815, 6)
(35, 12, 0.8343851683310815, 6)
(35, 13, 0.8343851683310815, 6)
(35, 14, 0.8343851683310815, 6)
(35, 15, 0.8343851683310815, 6)
(35, 16, 0.8343851683310815, 6)
(35, 17, 0.8343851683310815, 6)
(35, 18, 0.8343851683310815, 6)
(35, 19, 0.8343851683310815, 6)
(35, 23, 0.8343851683310815, 6)
(35, 24, 0.8343851683310815, 6)
(35, 27, 0.8343851683310815, 6)
(35, 28, 0.8343851683310815, 6)
(35, 29, 0.8343851683310815, 6)
(35, 31, 0.8343851683310815, 6)
(35, 32, 0.8343851683310815, 6)
(35, 35, 0.8343851683310815, 6)
(35, 36, 0.8343851683310815, 6)
(35, 37, 0.8343851683310815, 6)
(35, 39, 0.8343851683310815, 6)
(35, 40, 0.8343851683310815, 6)
(35, 42, 0.8343851683310815, 6)
(36, 1, 0.7509466514979733, 6)
(36, 2, 0.7509466514979733, 6)
(36, 4, 0.7509466514979733, 6)
(36, 5, 0.7509466514979733, 6)
(36, 6, 0.7509466514979733, 6)
(36, 7, 0.7509466514979733, 6)
(36, 8, 0.7509466514979733, 6)
(36, 13, 0.7509466514979733, 6)
(36, 15, 0.7509466514979733, 6)
(36, 16, 0.7509466514979733, 6)
(36, 17, 0.7509466514979733, 6)
(36, 18, 0.7509466514979733, 6)
(36, 19, 0.7509466514979733, 6)
(36, 20, 0.7509466514979733, 6)
(36, 21, 0.7509466514979733, 6)
(36, 22, 0.7509466514979733, 6)
(36, 23, 0.7509466514979733, 6)
(36, 24, 0.7509466514979733, 6)
(36, 25, 0.7509466514979733, 6)
(36, 26, 0.7509466514979733, 8)
(36, 27, 0.7509466514979733, 8)
(36, 28, 0.7509466514979733, 8)
(36, 33, 0.7509466514979733, 8)
(36, 34, 0.7509466514979733, 8)
(36, 35, 0.7509466514979733, 8)
(36, 36, 0.7509466514979733, 8)
(36, 37, 0.7509466514979733, 8)
(36, 38, 0.7509466514979733, 8)
(36, 39, 0.7509466514979733, 8)
(36, 40, 0.7509466514979733, 8)
(37, 1, 0.675851986348176, 8)
(37, 2, 0.675851986348176, 8)
(37, 3, 0.675851986348176, 8)
(37, 4, 0.675851986348176, 8)
(37, 5, 0.675851986348176, 8)
(37, 7, 0.675851986348176, 6)
(37, 9, 0.675851986348176, 6)
(37, 10, 0.675851986348176, 6)
(37, 11, 0.675851986348176, 6)
(37, 12, 0.675851986348176, 6)
(37, 14, 0.675851986348176, 6)
(37, 15, 0.675851986348176, 6)
(37, 16, 0.675851986348176, 6)
(37, 17, 0.675851986348176, 6)
(37, 19, 0.675851986348176, 6)
(37, 21, 0.675851986348176, 6)
(37, 22, 0.675851986348176, 6)
(37, 23, 0.675851986348176, 6)
(37, 24, 0.675851986348176, 6)
(37, 26, 0.675851986348176, 6)
(37, 27, 0.675851986348176, 6)
(37, 28, 0.675851986348176, 6)
(37, 29, 0.675851986348176, 6)
(37, 30, 0.675851986348176, 6)
(37, 31, 0.675851986348176, 6)
(37, 32, 0.675851986348176, 6)
(37, 34, 0.675851986348176, 6)
(37, 36, 0.675851986348176, 6)
(37, 37, 0.675851986348176, 6)
(37, 39, 0.675851986348176, 6)
(38, 1, 0.6082667877133584, 6)
(38, 2, 0.6082667877133584, 6)
(38, 3, 0.6082667877133584, 6)
(38, 4, 0.6082667877133584, 6)
(38, 5, 0.6082667877133584, 6)
(38, 6, 0.6082667877133584, 6)
(38, 7, 0.6082667877133584, 6)
(38, 9, 0.6082667877133584, 6)
(38, 11, 0.6082667877133584, 6)
(38, 14, 0.6082667877133584, 6)
(38, 15, 0.6082667877133584, 6)
(38, 17, 0.6082667877133584, 6)
(38, 18, 0.6082667877133584, 6)
(38, 19, 0.6082667877133584, 6)
(38, 20, 0.6082667877133584, 6)
(38, 21, 0.6082667877133584, 6)
(38, 22, 0.6082667877133584, 6)
(38, 23, 0.6082667877133584, 6)
(38, 24, 0.6082667877133584, 6)
(38, 25, 0.6082667877133584, 6)
(38, 26, 0.6082667877133584, 6)
(38, 28, 0.6082667877133584, 6)
(38, 29, 0.6082667877133584, 6)
(38, 30, 0.6082667877133584, 6)
(38, 31, 0.6082667877133584, 6)
(38, 35, 0.6082667877133584, 6)
(38, 36, 0.6082667877133584, 6)
(38, 38, 0.6082667877133584, 6)
(38, 40, 0.6082667877133584, 6)
(38, 41, 0.6082667877133584, 6)
(39, 1, 0.5474401089420226, 6)
(39, 2, 0.5474401089420226, 6)
(39, 3, 0.5474401089420226, 6)
(39, 4, 0.5474401089420226, 6)
(39, 5, 0.5474401089420226, 6)
(39, 8, 0.5474401089420226, 6)
(39, 9, 0.5474401089420226, 6)
(39, 10, 0.5474401089420226, 6)
(39, 11, 0.5474401089420226, 6)
(39, 12, 0.5474401089420226, 6)
(39, 13, 0.5474401089420226, 6)
(39, 14, 0.5474401089420226, 6)
(39, 15, 0.5474401089420226, 6)
(39, 16, 0.5474401089420226, 6)
(39, 17, 0.5474401089420226, 6)
(39, 18, 0.5474401089420226, 6)
(39, 19, 0.5474401089420226, 6)
(39, 20, 0.5474401089420226, 6)
(39, 21, 0.5474401089420226, 6)
(39, 22, 0.5474401089420226, 6)
(39, 25, 0.5474401089420226, 4)
(39, 26, 0.5474401089420226, 4)
(39, 27, 0.5474401089420226, 4)
(39, 29, 0.5474401089420226, 4)
(39, 32, 0.5474401089420226, 4)
(39, 33, 0.5474401089420226, 4)
(39, 34, 0.5474401089420226, 4)
(39, 36, 0.5474401089420226, 4)
(39, 37, 0.5474401089420226, 4)
(39, 38, 0.5474401089420226, 4)
(40, 1, 0.49269609804782033, 4)
(40, 2, 0.49269609804782033, 4)
(40, 3, 0.49269609804782033, 4)
(40, 5, 0.49269609804782033, 4)
(40, 6, 0.49269609804782033, 4)
(40, 9, 0.49269609804782033, 4)
(40, 11, 0.49269609804782033, 4)
(40, 12, 0.49269609804782033, 4)
(40, 14, 0.49269609804782033, 4)
(40, 15, 0.49269609804782033, 4)
(40, 16, 0.49269609804782033, 4)
(40, 17, 0.49269609804782033, 4)
(40, 18, 0.49269609804782033, 4)
(40, 19, 0.49269609804782033, 4)
(40, 20, 0.49269609804782033, 4)
(40, 21, 0.49269609804782033, 4)
(40, 22, 0.49269609804782033, 4)
(40, 23, 0.49269609804782033, 4)
(40, 24, 0.49269609804782033, 4)
(40, 25, 0.49269609804782033, 4)
(40, 26, 0.49269609804782033, 4)
(40, 28, 0.49269609804782033, 4)
(40, 29, 0.49269609804782033, 4)
(40, 31, 0.49269609804782033, 4)
(40, 32, 0.49269609804782033, 4)
(40, 33, 0.49269609804782033, 4)
(40, 34, 0.49269609804782033, 4)
(40, 35, 0.49269609804782033, 4)
(40, 36, 0.49269609804782033, 4)
(40, 37, 0.49269609804782033, 4)
(41, 1, 0.4434264882430383, 4)
(41, 3, 0.4434264882430383, 4)
(41, 5, 0.4434264882430383, 4)
(41, 6, 0.4434264882430383, 4)
(41, 7, 0.4434264882430383, 4)
(41, 8, 0.4434264882430383, 4)
(41, 9, 0.4434264882430383, 4)
(41, 10, 0.4434264882430383, 4)
(41, 11, 0.4434264882430383, 4)
(41, 12, 0.4434264882430383, 4)
(41, 14, 0.4434264882430383, 4)
(41, 15, 0.4434264882430383, 4)
(41, 17, 0.4434264882430383, 4)
(41, 20, 0.4434264882430383, 4)
(41, 21, 0.4434264882430383, 4)
(41, 22, 0.4434264882430383, 4)
(41, 23, 0.4434264882430383, 4)
(41, 25, 0.4434264882430383, 4)
(41, 29, 0.4434264882430383, 4)
(41, 30, 0.4434264882430383, 4)
(41, 31, 0.4434264882430383, 4)
(41, 32, 0.4434264882430383, 4)
(41, 33, 0.4434264882430383, 4)
(41, 35, 0.4434264882430383, 4)
(41, 37, 0.4434264882430383, 4)
(41, 38, 0.4434264882430383, 4)
(41, 39, 0.4434264882430383, 4)
(41, 40, 0.4434264882430383, 4)
(41, 42, 0.4434264882430383, 4)
(41, 43, 0.4434264882430383, 4)
(42, 2, 0.3990838394187345, 4)
(42, 5, 0.3990838394187345, 4)
(42, 6, 0.3990838394187345, 4)
(42, 7, 0.3990838394187345, 4)
(42, 11, 0.3990838394187345, 4)
(42, 12, 0.3990838394187345, 4)
(42, 13, 0.3990838394187345, 4)
(42, 14, 0.3990838394187345, 4)
(42, 15, 0.3990838394187345, 4)
(42, 16, 0.3990838394187345, 4)
(42, 17, 0.3990838394187345, 4)
(42, 19, 0.3990838394187345, 4)
(42, 20, 0.3990838394187345, 4)
(42, 21, 0.3990838394187345, 4)
(42, 23, 0.3990838394187345, 4)
(42, 24, 0.3990838394187345, 4)
(42, 26, 0.3990838394187345, 4)
(42, 27, 0.3990838394187345, 4)
(42, 28, 0.3990838394187345, 4)
(42, 29, 0.3990838394187345, 4)
(42, 30, 0.3990838394187345, 4)
(42, 31, 0.3990838394187345, 4)
(42, 33, 0.3990838394187345, 4)
(42, 34, 0.3990838394187345, 4)
(42, 35, 0.3990838394187345, 4)
(42, 36, 0.3990838394187345, 4)
(42, 37, 0.3990838394187345, 4)
(42, 38, 0.3990838394187345, 4)
(42, 39, 0.3990838394187345, 4)
(42, 41, 0.3990838394187345, 4)
(43, 1, 0.359175455476861, 4)
(43, 2, 0.359175455476861, 4)
(43, 3, 0.359175455476861, 4)
(43, 5, 0.359175455476861, 4)
(43, 7, 0.359175455476861, 4)
(43, 8, 0.359175455476861, 4)
(43, 10, 0.359175455476861, 4)
(43, 11, 0.359175455476861, 4)
(43, 12, 0.359175455476861, 4)
(43, 13, 0.359175455476861, 4)
(43, 15, 0.359175455476861, 4)
(43, 17, 0.359175455476861, 4)
(43, 19, 0.359175455476861, 4)
(43, 20, 0.359175455476861, 4)
(43, 21, 0.359175455476861, 4)
(43, 23, 0.359175455476861, 4)
(43, 25, 0.359175455476861, 4)
(43, 26, 0.359175455476861, 4)
(43, 27, 0.359175455476861, 4)
(43, 30, 0.359175455476861, 4)
(43, 31, 0.359175455476861, 4)
(43, 32, 0.359175455476861, 4)
(43, 33, 0.359175455476861, 4)
(43, 34, 0.359175455476861, 4)
(43, 35, 0.359175455476861, 4)
(43, 36, 0.359175455476861, 4)
(43, 37, 0.359175455476861, 4)
(43, 39, 0.359175455476861, 4)
(43, 40, 0.359175455476861, 4)
(43, 41, 0.359175455476861, 4)
(44, 1, 0.3232579099291749, 4)
(44, 2, 0.3232579099291749, 4)
(44, 4, 0.3232579099291749, 4)
(44, 5, 0.3232579099291749, 4)
(44, 6, 0.3232579099291749, 4)
(44, 9, 0.3232579099291749, 4)
(44, 10, 0.3232579099291749, 4)
(44, 12, 0.3232579099291749, 4)
(44, 14, 0.3232579099291749, 4)
(44, 15, 0.3232579099291749, 4)
(44, 16, 0.3232579099291749, 4)
(44, 17, 0.3232579099291749, 4)
(44, 19, 0.3232579099291749, 4)
(44, 20, 0.3232579099291749, 4)
(44, 22, 0.3232579099291749, 4)
(44, 23, 0.3232579099291749, 4)
(44, 25, 0.3232579099291749, 4)
(44, 26, 0.3232579099291749, 4)
(44, 27, 0.3232579099291749, 4)
(44, 28, 0.3232579099291749, 4)
(44, 29, 0.3232579099291749, 4)
(44, 30, 0.3232579099291749, 4)
(44, 31, 0.3232579099291749, 4)
(44, 32, 0.3232579099291749, 4)
(44, 33, 0.3232579099291749, 4)
(44, 34, 0.3232579099291749, 4)
(44, 35, 0.3232579099291749, 4)
(44, 36, 0.3232579099291749, 4)
(44, 37, 0.3232579099291749, 4)
(44, 38, 0.3232579099291749, 4)
(45, 1, 0.2909321189362574, 4)
(45, 3, 0.2909321189362574, 4)
(45, 6, 0.2909321189362574, 4)
(45, 8, 0.2909321189362574, 4)
(45, 9, 0.2909321189362574, 4)
(45, 10, 0.2909321189362574, 4)
(45, 11, 0.2909321189362574, 4)
(45, 12, 0.2909321189362574, 4)
(45, 13, 0.2909321189362574, 4)
(45, 14, 0.2909321189362574, 4)
(45, 15, 0.2909321189362574, 4)
(45, 16, 0.2909321189362574, 4)
(45, 17, 0.2909321189362574, 4)
(45, 18, 0.2909321189362574, 4)
(45, 19, 0.2909321189362574, 4)
(45, 20, 0.2909321189362574, 4)
(45, 21, 0.2909321189362574, 4)
(45, 22, 0.2909321189362574, 4)
(45, 23, 0.2909321189362574, 4)
(45, 24, 0.2909321189362574, 4)
(45, 25, 0.2909321189362574, 4)
(45, 29, 0.2909321189362574, 4)
(45, 30, 0.2909321189362574, 4)
(45, 32, 0.2909321189362574, 4)
(45, 33, 0.2909321189362574, 4)
(45, 34, 0.2909321189362574, 4)
(45, 36, 0.2909321189362574, 4)
(45, 38, 0.2909321189362574, 4)
(45, 40, 0.2909321189362574, 4)
(45, 41, 0.2909321189362574, 4)
(46, 1, 0.2618389070426317, 4)
(46, 2, 0.2618389070426317, 4)
(46, 3, 0.2618389070426317, 4)
(46, 4, 0.2618389070426317, 4)
(46, 5, 0.2618389070426317, 4)
(46, 7, 0.2618389070426317, 4)
(46, 10, 0.2618389070426317, 4)
(46, 11, 0.2618389070426317, 4)
(46, 12, 0.2618389070426317, 4)
(46, 13, 0.2618389070426317, 4)
(46, 14, 0.2618389070426317, 4)
(46, 16, 0.2618389070426317, 4)
(46, 19, 0.2618389070426317, 4)
(46, 21, 0.2618389070426317, 4)
(46, 23, 0.2618389070426317, 4)
(46, 24, 0.2618389070426317, 4)
(46, 26, 0.2618389070426317, 4)
(46, 27, 0.2618389070426317, 4)
(46, 29, 0.2618389070426317, 4)
(46, 30, 0.2618389070426317, 4)
(46, 34, 0.2618389070426317, 4)
(46, 35, 0.2618389070426317, 4)
(46, 36, 0.2618389070426317, 4)
(46, 38, 0.2618389070426317, 4)
(46, 39, 0.2618389070426317, 4)
(46, 40, 0.2618389070426317, 4)
(46, 41, 0.2618389070426317, 4)
(46, 42, 0.2618389070426317, 4)
(46, 44, 0.2618389070426317, 4)
(46, 45, 0.2618389070426317, 4)
(47, 1, 0.23565501633836852, 4)
(47, 3, 0.23565501633836852, 4)
(47, 4, 0.23565501633836852, 4)
(47, 5, 0.23565501633836852, 4)
(47, 6, 0.23565501633836852, 4)
(47, 7, 0.23565501633836852, 4)
(47, 9, 0.23565501633836852, 4)
(47, 11, 0.23565501633836852, 4)
(47, 12, 0.23565501633836852, 4)
(47, 13, 0.23565501633836852, 4)
(47, 15, 0.23565501633836852, 4)
(47, 17, 0.23565501633836852, 4)
(47, 18, 0.23565501633836852, 4)
(47, 19, 0.23565501633836852, 4)
(47, 21, 0.23565501633836852, 4)
(47, 23, 0.23565501633836852, 4)
(47, 25, 0.23565501633836852, 4)
(47, 27, 0.23565501633836852, 4)
(47, 28, 0.23565501633836852, 4)
(47, 29, 0.23565501633836852, 4)
(47, 32, 0.23565501633836852, 4)
(47, 33, 0.23565501633836852, 4)
(47, 34, 0.23565501633836852, 4)
(47, 35, 0.23565501633836852, 4)
(47, 36, 0.23565501633836852, 4)
(47, 40, 0.23565501633836852, 4)
(47, 42, 0.23565501633836852, 4)
(47, 45, 0.23565501633836852, 4)
(47, 46, 0.23565501633836852, 4)
(47, 48, 0.23565501633836852, 4)
(48, 2, 0.21208951470453166, 4)
(48, 3, 0.21208951470453166, 4)
(48, 4, 0.21208951470453166, 4)
(48, 5, 0.21208951470453166, 4)
(48, 7, 0.21208951470453166, 4)
(48, 8, 0.21208951470453166, 4)
(48, 9, 0.21208951470453166, 4)
(48, 11, 0.21208951470453166, 4)
(48, 12, 0.21208951470453166, 4)
(48, 13, 0.21208951470453166, 4)
(48, 17, 0.21208951470453166, 4)
(48, 19, 0.21208951470453166, 4)
(48, 20, 0.21208951470453166, 4)
(48, 21, 0.21208951470453166, 4)
(48, 22, 0.21208951470453166, 4)
(48, 23, 0.21208951470453166, 4)
(48, 24, 0.21208951470453166, 4)
(48, 25, 0.21208951470453166, 4)
(48, 27, 0.21208951470453166, 4)
(48, 28, 0.21208951470453166, 4)
(48, 29, 0.21208951470453166, 4)
(48, 30, 0.21208951470453166, 4)
(48, 38, 0.21208951470453166, 4)
(48, 39, 0.21208951470453166, 4)
(48, 40, 0.21208951470453166, 4)
(48, 41, 0.21208951470453166, 4)
(48, 43, 0.21208951470453166, 4)
(48, 44, 0.21208951470453166, 4)
(48, 45, 0.21208951470453166, 4)
(48, 46, 0.21208951470453166, 4)
(49, 1, 0.1908805632340785, 4)
(49, 2, 0.1908805632340785, 4)
(49, 4, 0.1908805632340785, 4)
(49, 6, 0.1908805632340785, 4)
(49, 8, 0.1908805632340785, 4)
(49, 9, 0.1908805632340785, 4)
(49, 10, 0.1908805632340785, 4)
(49, 12, 0.1908805632340785, 4)
(49, 13, 0.1908805632340785, 4)
(49, 15, 0.1908805632340785, 4)
(49, 17, 0.1908805632340785, 4)
(49, 18, 0.1908805632340785, 4)
(49, 19, 0.1908805632340785, 4)
(49, 20, 0.1908805632340785, 4)
(49, 21, 0.1908805632340785, 4)
(49, 24, 0.1908805632340785, 4)
(49, 25, 0.1908805632340785, 4)
(49, 26, 0.1908805632340785, 4)
(49, 28, 0.1908805632340785, 4)
(49, 31, 0.1908805632340785, 4)
(49, 32, 0.1908805632340785, 4)
(49, 33, 0.1908805632340785, 4)
(49, 34, 0.1908805632340785, 4)
(49, 35, 0.1908805632340785, 4)
(49, 36, 0.1908805632340785, 4)
(49, 37, 0.1908805632340785, 4)
(49, 38, 0.1908805632340785, 4)
(49, 39, 0.1908805632340785, 4)
(49, 40, 0.1908805632340785, 4)
(49, 41, 0.1908805632340785, 4)
(50, 1, 0.17179250691067066, 4)
(50, 2, 0.17179250691067066, 4)
(50, 3, 0.17179250691067066, 4)
(50, 6, 0.17179250691067066, 4)
(50, 7, 0.17179250691067066, 4)
(50, 9, 0.17179250691067066, 4)
(50, 11, 0.17179250691067066, 4)
(50, 12, 0.17179250691067066, 4)
(50, 13, 0.17179250691067066, 4)
(50, 16, 0.17179250691067066, 4)
(50, 18, 0.17179250691067066, 4)
(50, 19, 0.17179250691067066, 4)
(50, 20, 0.17179250691067066, 4)
(50, 21, 0.17179250691067066, 4)
(50, 22, 0.17179250691067066, 4)
(50, 23, 0.17179250691067066, 4)
(50, 24, 0.17179250691067066, 4)
(50, 25, 0.17179250691067066, 4)
(50, 26, 0.17179250691067066, 4)
(50, 27, 0.17179250691067066, 4)
(50, 28, 0.17179250691067066, 4)
(50, 29, 0.17179250691067066, 4)
(50, 31, 0.17179250691067066, 4)
(50, 32, 0.17179250691067066, 4)
(50, 33, 0.17179250691067066, 4)
(50, 37, 0.17179250691067066, 4)
(50, 38, 0.17179250691067066, 4)
(50, 39, 0.17179250691067066, 4)
(50, 42, 0.17179250691067066, 4)
(50, 43, 0.17179250691067066, 4)
(51, 1, 0.1546132562196036, 4)
(51, 2, 0.1546132562196036, 4)
(51, 4, 0.1546132562196036, 4)
(51, 6, 0.1546132562196036, 4)
(51, 8, 0.1546132562196036, 4)
(51, 10, 0.1546132562196036, 4)
(51, 11, 0.1546132562196036, 4)
(51, 15, 0.1546132562196036, 4)
(51, 17, 0.1546132562196036, 4)
(51, 18, 0.1546132562196036, 4)
(51, 19, 0.1546132562196036, 4)
(51, 20, 0.1546132562196036, 4)
(51, 21, 0.1546132562196036, 4)
(51, 22, 0.1546132562196036, 4)
(51, 24, 0.1546132562196036, 4)
(51, 26, 0.1546132562196036, 4)
(51, 27, 0.1546132562196036, 4)
(51, 28, 0.1546132562196036, 4)
(51, 29, 0.1546132562196036, 4)
(51, 32, 0.1546132562196036, 4)
(51, 33, 0.1546132562196036, 4)
(51, 35, 0.1546132562196036, 4)
(51, 37, 0.1546132562196036, 4)
(51, 38, 0.1546132562196036, 4)
(51, 40, 0.1546132562196036, 4)
(51, 42, 0.1546132562196036, 4)
(51, 43, 0.1546132562196036, 4)
(51, 44, 0.1546132562196036, 4)
(51, 45, 0.1546132562196036, 4)
(51, 46, 0.1546132562196036, 4)
(52, 1, 0.13915193059764325, 4)
(52, 4, 0.13915193059764325, 4)
(52, 5, 0.13915193059764325, 4)
(52, 6, 0.13915193059764325, 4)
(52, 7, 0.13915193059764325, 4)
(52, 8, 0.13915193059764325, 4)
(52, 9, 0.13915193059764325, 4)
(52, 10, 0.13915193059764325, 4)
(52, 12, 0.13915193059764325, 4)
(52, 15, 0.13915193059764325, 4)
(52, 16, 0.13915193059764325, 4)
(52, 17, 0.13915193059764325, 4)
(52, 18, 0.13915193059764325, 4)
(52, 22, 0.13915193059764325, 4)
(52, 23, 0.13915193059764325, 4)
(52, 24, 0.13915193059764325, 4)
(52, 26, 0.13915193059764325, 4)
(52, 27, 0.13915193059764325, 4)
(52, 28, 0.13915193059764325, 4)
(52, 29, 0.13915193059764325, 4)
(52, 30, 0.13915193059764325, 4)
(52, 31, 0.13915193059764325, 4)
(52, 32, 0.13915193059764325, 4)
(52, 34, 0.13915193059764325, 4)
(52, 36, 0.13915193059764325, 4)
(52, 37, 0.13915193059764325, 4)
(52, 38, 0.13915193059764325, 4)
(52, 40, 0.13915193059764325, 4)
(52, 41, 0.13915193059764325, 4)
(52, 43, 0.13915193059764325, 4)
(53, 3, 0.12523673753787892, 4)
(53, 5, 0.12523673753787892, 4)
(53, 6, 0.12523673753787892, 4)
(53, 8, 0.12523673753787892, 4)
(53, 9, 0.12523673753787892, 4)
(53, 11, 0.12523673753787892, 4)
(53, 13, 0.12523673753787892, 4)
(53, 14, 0.12523673753787892, 4)
(53, 16, 0.12523673753787892, 4)
(53, 17, 0.12523673753787892, 4)
(53, 18, 0.12523673753787892, 4)
(53, 19, 0.12523673753787892, 4)
(53, 20, 0.12523673753787892, 4)
(53, 22, 0.12523673753787892, 4)
(53, 23, 0.12523673753787892, 4)
(53, 25, 0.12523673753787892, 4)
(53, 26, 0.12523673753787892, 4)
(53, 28, 0.12523673753787892, 4)
(53, 29, 0.12523673753787892, 4)
(53, 30, 0.12523673753787892, 4)
(53, 31, 0.12523673753787892, 4)
(53, 32, 0.12523673753787892, 4)
(53, 33, 0.12523673753787892, 4)
(53, 36, 0.12523673753787892, 4)
(53, 37, 0.12523673753787892, 4)
(53, 39, 0.12523673753787892, 4)
(53, 40, 0.12523673753787892, 4)
(53, 42, 0.12523673753787892, 4)
(53, 44, 0.12523673753787892, 4)
(53, 45, 0.12523673753787892, 4)
(54, 1, 0.11271306378409103, 4)
(54, 2, 0.11271306378409103, 4)
(54, 3, 0.11271306378409103, 4)
(54, 4, 0.11271306378409103, 4)
(54, 6, 0.11271306378409103, 4)
(54, 7, 0.11271306378409103, 4)
(54, 8, 0.11271306378409103, 4)
(54, 12, 0.11271306378409103, 4)
(54, 13, 0.11271306378409103, 4)
(54, 15, 0.11271306378409103, 4)
(54, 16, 0.11271306378409103, 4)
(54, 17, 0.11271306378409103, 4)
(54, 18, 0.11271306378409103, 4)
(54, 19, 0.11271306378409103, 4)
(54, 20, 0.11271306378409103, 4)
(54, 22, 0.11271306378409103, 4)
(54, 23, 0.11271306378409103, 4)
(54, 24, 0.11271306378409103, 4)
(54, 26, 0.11271306378409103, 4)
(54, 29, 0.11271306378409103, 4)
(54, 30, 0.11271306378409103, 4)
(54, 31, 0.11271306378409103, 4)
(54, 32, 0.11271306378409103, 4)
(54, 34, 0.11271306378409103, 4)
(54, 35, 0.11271306378409103, 4)
(54, 36, 0.11271306378409103, 4)
(54, 38, 0.11271306378409103, 4)
(54, 42, 0.11271306378409103, 4)
(54, 43, 0.11271306378409103, 4)
(54, 45, 0.11271306378409103, 4)
(55, 1, 0.10144175740568193, 4)
(55, 2, 0.10144175740568193, 4)
(55, 4, 0.10144175740568193, 4)
(55, 6, 0.10144175740568193, 4)
(55, 7, 0.10144175740568193, 4)
(55, 8, 0.10144175740568193, 4)
(55, 9, 0.10144175740568193, 4)
(55, 10, 0.10144175740568193, 4)
(55, 11, 0.10144175740568193, 4)
(55, 12, 0.10144175740568193, 4)
(55, 13, 0.10144175740568193, 4)
(55, 15, 0.10144175740568193, 4)
(55, 16, 0.10144175740568193, 4)
(55, 20, 0.10144175740568193, 4)
(55, 21, 0.10144175740568193, 4)
(55, 22, 0.10144175740568193, 4)
(55, 25, 0.10144175740568193, 4)
(55, 26, 0.10144175740568193, 4)
(55, 27, 0.10144175740568193, 4)
(55, 29, 0.10144175740568193, 4)
(55, 30, 0.10144175740568193, 4)
(55, 31, 0.10144175740568193, 4)
(55, 33, 0.10144175740568193, 4)
(55, 34, 0.10144175740568193, 4)
(55, 36, 0.10144175740568193, 4)
(55, 38, 0.10144175740568193, 4)
(55, 39, 0.10144175740568193, 4)
(55, 41, 0.10144175740568193, 4)
(55, 42, 0.10144175740568193, 4)
(55, 43, 0.10144175740568193, 4)
(56, 2, 0.09129758166511373, 4)
(56, 3, 0.09129758166511373, 4)
(56, 4, 0.09129758166511373, 4)
(56, 6, 0.09129758166511373, 4)
(56, 7, 0.09129758166511373, 4)
(56, 8, 0.09129758166511373, 4)
(56, 10, 0.09129758166511373, 4)
(56, 11, 0.09129758166511373, 4)
(56, 12, 0.09129758166511373, 4)
(56, 14, 0.09129758166511373, 4)
(56, 15, 0.09129758166511373, 4)
(56, 16, 0.09129758166511373, 4)
(56, 17, 0.09129758166511373, 4)
(56, 18, 0.09129758166511373, 4)
(56, 20, 0.09129758166511373, 4)
(56, 21, 0.09129758166511373, 4)
(56, 22, 0.09129758166511373, 4)
(56, 24, 0.09129758166511373, 4)
(56, 25, 0.09129758166511373, 4)
(56, 26, 0.09129758166511373, 4)
(56, 28, 0.09129758166511373, 4)
(56, 29, 0.09129758166511373, 4)
(56, 30, 0.09129758166511373, 4)
(56, 31, 0.09129758166511373, 4)
(56, 35, 0.09129758166511373, 4)
(56, 36, 0.09129758166511373, 4)
(56, 37, 0.09129758166511373, 4)
(56, 38, 0.09129758166511373, 4)
(56, 39, 0.09129758166511373, 4)
(56, 42, 0.09129758166511373, 4)
(57, 1, 0.08216782349860235, 4)
(57, 2, 0.08216782349860235, 4)
(57, 4, 0.08216782349860235, 4)
(57, 5, 0.08216782349860235, 4)
(57, 6, 0.08216782349860235, 4)
(57, 7, 0.08216782349860235, 4)
(57, 8, 0.08216782349860235, 4)
(57, 9, 0.08216782349860235, 4)
(57, 10, 0.08216782349860235, 4)
(57, 11, 0.08216782349860235, 4)
(57, 12, 0.08216782349860235, 4)
(57, 13, 0.08216782349860235, 4)
(57, 14, 0.08216782349860235, 4)
(57, 16, 0.08216782349860235, 4)
(57, 21, 0.08216782349860235, 4)
(57, 22, 0.08216782349860235, 4)
(57, 23, 0.08216782349860235, 4)
(57, 24, 0.08216782349860235, 4)
(57, 25, 0.08216782349860235, 4)
(57, 26, 0.08216782349860235, 4)
(57, 27, 0.08216782349860235, 4)
(57, 30, 0.08216782349860235, 4)
(57, 33, 0.08216782349860235, 4)
(57, 35, 0.08216782349860235, 4)
(57, 36, 0.08216782349860235, 4)
(57, 37, 0.08216782349860235, 4)
(57, 38, 0.08216782349860235, 4)
(57, 39, 0.08216782349860235, 4)
(57, 40, 0.08216782349860235, 4)
(57, 41, 0.08216782349860235, 4)
(58, 2, 0.07395104114874212, 4)
(58, 3, 0.07395104114874212, 4)
(58, 4, 0.07395104114874212, 4)
(58, 5, 0.07395104114874212, 4)
(58, 7, 0.07395104114874212, 4)
(58, 9, 0.07395104114874212, 4)
(58, 10, 0.07395104114874212, 4)
(58, 11, 0.07395104114874212, 4)
(58, 12, 0.07395104114874212, 4)
(58, 13, 0.07395104114874212, 4)
(58, 14, 0.07395104114874212, 4)
(58, 15, 0.07395104114874212, 4)
(58, 16, 0.07395104114874212, 4)
(58, 17, 0.07395104114874212, 4)
(58, 18, 0.07395104114874212, 4)
(58, 19, 0.07395104114874212, 4)
(58, 20, 0.07395104114874212, 4)
(58, 22, 0.07395104114874212, 4)
(58, 23, 0.07395104114874212, 4)
(58, 26, 0.07395104114874212, 4)
(58, 27, 0.07395104114874212, 4)
(58, 28, 0.07395104114874212, 4)
(58, 29, 0.07395104114874212, 4)
(58, 30, 0.07395104114874212, 4)
(58, 31, 0.07395104114874212, 4)
(58, 35, 0.07395104114874212, 4)
(58, 36, 0.07395104114874212, 4)
(58, 37, 0.07395104114874212, 4)
(58, 38, 0.07395104114874212, 4)
(58, 39, 0.07395104114874212, 4)
(59, 1, 0.06655593703386792, 4)
(59, 2, 0.06655593703386792, 4)
(59, 3, 0.06655593703386792, 4)
(59, 6, 0.06655593703386792, 4)
(59, 7, 0.06655593703386792, 4)
(59, 10, 0.06655593703386792, 4)
(59, 12, 0.06655593703386792, 4)
(59, 13, 0.06655593703386792, 4)
(59, 14, 0.06655593703386792, 4)
(59, 15, 0.06655593703386792, 4)
(59, 16, 0.06655593703386792, 4)
(59, 17, 0.06655593703386792, 4)
(59, 19, 0.06655593703386792, 4)
(59, 20, 0.06655593703386792, 4)
(59, 21, 0.06655593703386792, 4)
(59, 23, 0.06655593703386792, 4)
(59, 24, 0.06655593703386792, 4)
(59, 25, 0.06655593703386792, 4)
(59, 26, 0.06655593703386792, 4)
(59, 27, 0.06655593703386792, 4)
(59, 28, 0.06655593703386792, 4)
(59, 30, 0.06655593703386792, 4)
(59, 31, 0.06655593703386792, 4)
(59, 32, 0.06655593703386792, 4)
(59, 33, 0.06655593703386792, 4)
(59, 35, 0.06655593703386792, 4)
(59, 36, 0.06655593703386792, 4)
(59, 37, 0.06655593703386792, 4)
(59, 38, 0.06655593703386792, 4)
(59, 39, 0.06655593703386792, 4)
(60, 1, 0.05990034333048113, 4)
(60, 2, 0.05990034333048113, 4)
(60, 4, 0.05990034333048113, 4)
(60, 6, 0.05990034333048113, 4)
(60, 7, 0.05990034333048113, 4)
(60, 8, 0.05990034333048113, 4)
(60, 9, 0.05990034333048113, 4)
(60, 10, 0.05990034333048113, 4)
(60, 11, 0.05990034333048113, 4)
(60, 12, 0.05990034333048113, 4)
(60, 13, 0.05990034333048113, 4)
(60, 14, 0.05990034333048113, 4)
(60, 15, 0.05990034333048113, 4)
(60, 17, 0.05990034333048113, 4)
(60, 18, 0.05990034333048113, 4)
(60, 19, 0.05990034333048113, 4)
(60, 20, 0.05990034333048113, 4)
(60, 22, 0.05990034333048113, 0)
(60, 23, 0.05990034333048113, 0)
(60, 25, 0.05990034333048113, 0)
(60, 27, 0.05990034333048113, 0)
(60, 28, 0.05990034333048113, 0)
(60, 29, 0.05990034333048113, 0)
(60, 31, 0.05990034333048113, 0)
(60, 32, 0.05990034333048113, 0)
(60, 34, 0.05990034333048113, 0)
(60, 36, 0.05990034333048113, 0)
(60, 37, 0.05990034333048113, 0)
(60, 38, 0.05990034333048113, 0)
(60, 39, 0.05990034333048113, 0)
(61, 1, 0.053910308997433015, 0)
(61, 4, 0.053910308997433015, 0)
(61, 6, 0.053910308997433015, 0)
(61, 7, 0.053910308997433015, 0)
(61, 8, 0.053910308997433015, 0)
(61, 9, 0.053910308997433015, 0)
(61, 10, 0.053910308997433015, 0)
(61, 11, 0.053910308997433015, 0)
(61, 13, 0.053910308997433015, 0)
(61, 14, 0.053910308997433015, 0)
(61, 15, 0.053910308997433015, 0)
(61, 17, 0.053910308997433015, 0)
(61, 19, 0.053910308997433015, 0)
(61, 21, 0.053910308997433015, 0)
(61, 22, 0.053910308997433015, 0)
(61, 23, 0.053910308997433015, 0)
(61, 24, 0.053910308997433015, 0)
(61, 25, 0.053910308997433015, 0)
(61, 26, 0.053910308997433015, 0)
(61, 27, 0.053910308997433015, 0)
(61, 28, 0.053910308997433015, 0)
(61, 29, 0.053910308997433015, 0)
(61, 31, 0.053910308997433015, 0)
(61, 32, 0.053910308997433015, 0)
(61, 33, 0.053910308997433015, 0)
(61, 34, 0.053910308997433015, 0)
(61, 35, 0.053910308997433015, 0)
(61, 36, 0.053910308997433015, 0)
(61, 40, 0.053910308997433015, 0)
(61, 41, 0.053910308997433015, 0)
(62, 1, 0.048519278097689716, 0)
(62, 4, 0.048519278097689716, 0)
(62, 6, 0.048519278097689716, 0)
(62, 7, 0.048519278097689716, 0)
(62, 8, 0.048519278097689716, 0)
(62, 9, 0.048519278097689716, 0)
(62, 11, 0.048519278097689716, 0)
(62, 12, 0.048519278097689716, 0)
(62, 13, 0.048519278097689716, 0)
(62, 14, 0.048519278097689716, 0)
(62, 16, 0.048519278097689716, 0)
(62, 17, 0.048519278097689716, 0)
(62, 20, 0.048519278097689716, 0)
(62, 21, 0.048519278097689716, 0)
(62, 22, 0.048519278097689716, 0)
(62, 24, 0.048519278097689716, 0)
(62, 25, 0.048519278097689716, 0)
(62, 27, 0.048519278097689716, 0)
(62, 28, 0.048519278097689716, 0)
(62, 29, 0.048519278097689716, 0)
(62, 30, 0.048519278097689716, 0)
(62, 32, 0.048519278097689716, 0)
(62, 33, 0.048519278097689716, 0)
(62, 34, 0.048519278097689716, 0)
(62, 35, 0.048519278097689716, 0)
(62, 36, 0.048519278097689716, 0)
(62, 37, 0.048519278097689716, 0)
(62, 38, 0.048519278097689716, 0)
(62, 39, 0.048519278097689716, 0)
(62, 41, 0.048519278097689716, 0)
(63, 4, 0.04366735028792074, 0)
(63, 5, 0.04366735028792074, 0)
(63, 6, 0.04366735028792074, 0)
(63, 9, 0.04366735028792074, 0)
(63, 10, 0.04366735028792074, 0)
(63, 12, 0.04366735028792074, 0)
(63, 14, 0.04366735028792074, 0)
(63, 15, 0.04366735028792074, 0)
(63, 16, 0.04366735028792074, 0)
(63, 17, 0.04366735028792074, 0)
(63, 20, 0.04366735028792074, 0)
(63, 22, 0.04366735028792074, 0)
(63, 23, 0.04366735028792074, 0)
(63, 24, 0.04366735028792074, 0)
(63, 25, 0.04366735028792074, 0)
(63, 26, 0.04366735028792074, 0)
(63, 28, 0.04366735028792074, 0)
(63, 29, 0.04366735028792074, 0)
(63, 30, 0.04366735028792074, 0)
(63, 31, 0.04366735028792074, 0)
(63, 32, 0.04366735028792074, 0)
(63, 33, 0.04366735028792074, 0)
(63, 34, 0.04366735028792074, 0)
(63, 36, 0.04366735028792074, 0)
(63, 37, 0.04366735028792074, 0)
(63, 39, 0.04366735028792074, 0)
(63, 40, 0.04366735028792074, 0)
(63, 41, 0.04366735028792074, 0)
(63, 42, 0.04366735028792074, 0)
(63, 43, 0.04366735028792074, 0)
(64, 1, 0.03930061525912867, 0)
(64, 3, 0.03930061525912867, 0)
(64, 4, 0.03930061525912867, 0)
(64, 5, 0.03930061525912867, 0)
(64, 6, 0.03930061525912867, 0)
(64, 9, 0.03930061525912867, 0)
(64, 11, 0.03930061525912867, 0)
(64, 14, 0.03930061525912867, 0)
(64, 15, 0.03930061525912867, 0)
(64, 16, 0.03930061525912867, 0)
(64, 17, 0.03930061525912867, 0)
(64, 19, 0.03930061525912867, 0)
(64, 21, 0.03930061525912867, 0)
(64, 22, 0.03930061525912867, 0)
(64, 23, 0.03930061525912867, 0)
(64, 24, 0.03930061525912867, 0)
(64, 25, 0.03930061525912867, 0)
(64, 26, 0.03930061525912867, 0)
(64, 27, 0.03930061525912867, 0)
(64, 30, 0.03930061525912867, 0)
(64, 34, 0.03930061525912867, 0)
(64, 35, 0.03930061525912867, 0)
(64, 37, 0.03930061525912867, 0)
(64, 38, 0.03930061525912867, 0)
(64, 39, 0.03930061525912867, 0)
(64, 40, 0.03930061525912867, 0)
(64, 41, 0.03930061525912867, 0)
(64, 45, 0.03930061525912867, 0)
(64, 47, 0.03930061525912867, 0)
(64, 49, 0.03930061525912867, 0)
(65, 2, 0.0353705537332158, 0)
(65, 4, 0.0353705537332158, 0)
(65, 5, 0.0353705537332158, 0)
(65, 6, 0.0353705537332158, 0)
(65, 7, 0.0353705537332158, 0)
(65, 9, 0.0353705537332158, 0)
(65, 10, 0.0353705537332158, 0)
(65, 11, 0.0353705537332158, 0)
(65, 12, 0.0353705537332158, 0)
(65, 15, 0.0353705537332158, 0)
(65, 18, 0.0353705537332158, 0)
(65, 20, 0.0353705537332158, 0)
(65, 23, 0.0353705537332158, 0)
(65, 24, 0.0353705537332158, 0)
(65, 25, 0.0353705537332158, 0)
(65, 26, 0.0353705537332158, 0)
(65, 28, 0.0353705537332158, 0)
(65, 30, 0.0353705537332158, 0)
(65, 32, 0.0353705537332158, 0)
(65, 34, 0.0353705537332158, 0)
(65, 35, 0.0353705537332158, 0)
(65, 37, 0.0353705537332158, 0)
(65, 40, 0.0353705537332158, 0)
(65, 41, 0.0353705537332158, 0)
(65, 42, 0.0353705537332158, 0)
(65, 43, 0.0353705537332158, 0)
(65, 45, 0.0353705537332158, 0)
(65, 48, 0.0353705537332158, 0)
(65, 49, 0.0353705537332158, 0)
(65, 50, 0.0353705537332158, 0)
(66, 2, 0.03183349835989422, 0)
(66, 3, 0.03183349835989422, 0)
(66, 4, 0.03183349835989422, 0)
(66, 6, 0.03183349835989422, 0)
(66, 7, 0.03183349835989422, 0)
(66, 8, 0.03183349835989422, 0)
(66, 10, 0.03183349835989422, 0)
(66, 11, 0.03183349835989422, 0)
(66, 12, 0.03183349835989422, 0)
(66, 13, 0.03183349835989422, 0)
(66, 14, 0.03183349835989422, 0)
(66, 15, 0.03183349835989422, 0)
(66, 17, 0.03183349835989422, 0)
(66, 22, 0.03183349835989422, 0)
(66, 23, 0.03183349835989422, 0)
(66, 24, 0.03183349835989422, 0)
(66, 25, 0.03183349835989422, 0)
(66, 26, 0.03183349835989422, 0)
(66, 27, 0.03183349835989422, 0)
(66, 29, 0.03183349835989422, 0)
(66, 30, 0.03183349835989422, 0)
(66, 31, 0.03183349835989422, 0)
(66, 32, 0.03183349835989422, 0)
(66, 33, 0.03183349835989422, 0)
(66, 34, 0.03183349835989422, 0)
(66, 35, 0.03183349835989422, 0)
(66, 38, 0.03183349835989422, 0)
(66, 39, 0.03183349835989422, 0)
(66, 40, 0.03183349835989422, 0)
(66, 41, 0.03183349835989422, 0)
(67, 1, 0.0286501485239048, 0)
(67, 2, 0.0286501485239048, 0)
(67, 3, 0.0286501485239048, 0)
(67, 4, 0.0286501485239048, 0)
(67, 5, 0.0286501485239048, 0)
(67, 6, 0.0286501485239048, 0)
(67, 9, 0.0286501485239048, 0)
(67, 10, 0.0286501485239048, 0)
(67, 12, 0.0286501485239048, 0)
(67, 13, 0.0286501485239048, 0)
(67, 14, 0.0286501485239048, 0)
(67, 15, 0.0286501485239048, 0)
(67, 17, 0.0286501485239048, 0)
(67, 18, 0.0286501485239048, 0)
(67, 19, 0.0286501485239048, 0)
(67, 22, 0.0286501485239048, 0)
(67, 23, 0.0286501485239048, 0)
(67, 25, 0.0286501485239048, 0)
(67, 26, 0.0286501485239048, 0)
(67, 28, 0.0286501485239048, 0)
(67, 29, 0.0286501485239048, 0)
(67, 30, 0.0286501485239048, 0)
(67, 32, 0.0286501485239048, 0)
(67, 33, 0.0286501485239048, 0)
(67, 34, 0.0286501485239048, 0)
(67, 35, 0.0286501485239048, 0)
(67, 37, 0.0286501485239048, 0)
(67, 38, 0.0286501485239048, 0)
(67, 39, 0.0286501485239048, 0)
(67, 40, 0.0286501485239048, 0)
(68, 2, 0.025785133671514318, 0)
(68, 3, 0.025785133671514318, 0)
(68, 6, 0.025785133671514318, 0)
(68, 7, 0.025785133671514318, 0)
(68, 9, 0.025785133671514318, 0)
(68, 10, 0.025785133671514318, 0)
(68, 11, 0.025785133671514318, 0)
(68, 12, 0.025785133671514318, 0)
(68, 14, 0.025785133671514318, 0)
(68, 15, 0.025785133671514318, 0)
(68, 16, 0.025785133671514318, 0)
(68, 17, 0.025785133671514318, 0)
(68, 18, 0.025785133671514318, 0)
(68, 19, 0.025785133671514318, 0)
(68, 20, 0.025785133671514318, 0)
(68, 21, 0.025785133671514318, 0)
(68, 22, 0.025785133671514318, 0)
(68, 23, 0.025785133671514318, 0)
(68, 24, 0.025785133671514318, 0)
(68, 26, 0.025785133671514318, 0)
(68, 28, 0.025785133671514318, 0)
(68, 29, 0.025785133671514318, 0)
(68, 30, 0.025785133671514318, 0)
(68, 31, 0.025785133671514318, 0)
(68, 32, 0.025785133671514318, 0)
(68, 33, 0.025785133671514318, 0)
(68, 35, 0.025785133671514318, 0)
(68, 36, 0.025785133671514318, 0)
(68, 38, 0.025785133671514318, 0)
(68, 39, 0.025785133671514318, 0)
(69, 2, 0.023206620304362886, 0)
(69, 3, 0.023206620304362886, 0)
(69, 6, 0.023206620304362886, 0)
(69, 7, 0.023206620304362886, 0)
(69, 8, 0.023206620304362886, 0)
(69, 11, 0.023206620304362886, 0)
(69, 12, 0.023206620304362886, 0)
(69, 13, 0.023206620304362886, 0)
(69, 15, 0.023206620304362886, 0)
(69, 16, 0.023206620304362886, 0)
(69, 17, 0.023206620304362886, 0)
(69, 18, 0.023206620304362886, 0)
(69, 19, 0.023206620304362886, 0)
(69, 21, 0.023206620304362886, 0)
(69, 22, 0.023206620304362886, 0)
(69, 23, 0.023206620304362886, 0)
(69, 24, 0.023206620304362886, 0)
(69, 25, 0.023206620304362886, 0)
(69, 26, 0.023206620304362886, 0)
(69, 27, 0.023206620304362886, 0)
(69, 28, 0.023206620304362886, 0)
(69, 29, 0.023206620304362886, 0)
(69, 30, 0.023206620304362886, 0)
(69, 31, 0.023206620304362886, 0)
(69, 32, 0.023206620304362886, 0)
(69, 33, 0.023206620304362886, 0)
(69, 34, 0.023206620304362886, 0)
(69, 36, 0.023206620304362886, 0)
(69, 38, 0.023206620304362886, 0)
(69, 40, 0.023206620304362886, 0)
(70, 2, 0.0208859582739266, 0)
(70, 3, 0.0208859582739266, 0)
(70, 6, 0.0208859582739266, 0)
(70, 10, 0.0208859582739266, 0)
(70, 11, 0.0208859582739266, 0)
(70, 12, 0.0208859582739266, 0)
(70, 13, 0.0208859582739266, 0)
(70, 14, 0.0208859582739266, 0)
(70, 15, 0.0208859582739266, 0)
(70, 16, 0.0208859582739266, 0)
(70, 18, 0.0208859582739266, 0)
(70, 19, 0.0208859582739266, 0)
(70, 20, 0.0208859582739266, 0)
(70, 21, 0.0208859582739266, 0)
(70, 22, 0.0208859582739266, 0)
(70, 23, 0.0208859582739266, 0)
(70, 24, 0.0208859582739266, 0)
(70, 27, 0.0208859582739266, 0)
(70, 29, 0.0208859582739266, 0)
(70, 30, 0.0208859582739266, 0)
(70, 33, 0.0208859582739266, 0)
(70, 34, 0.0208859582739266, 0)
(70, 35, 0.0208859582739266, 0)
(70, 37, 0.0208859582739266, 0)
(70, 38, 0.0208859582739266, 0)
(70, 40, 0.0208859582739266, 0)
(70, 41, 0.0208859582739266, 0)
(70, 42, 0.0208859582739266, 0)
(70, 43, 0.0208859582739266, 0)
(70, 46, 0.0208859582739266, 0)
(71, 1, 0.01879736244653394, 0)
(71, 7, 0.01879736244653394, 0)
(71, 9, 0.01879736244653394, 0)
(71, 12, 0.01879736244653394, 0)
(71, 14, 0.01879736244653394, 0)
(71, 17, 0.01879736244653394, 0)
(71, 18, 0.01879736244653394, 0)
(71, 19, 0.01879736244653394, 0)
(71, 20, 0.01879736244653394, 0)
(71, 21, 0.01879736244653394, 0)
(71, 22, 0.01879736244653394, 0)
(71, 23, 0.01879736244653394, 0)
(71, 24, 0.01879736244653394, 0)
(71, 25, 0.01879736244653394, 0)
(71, 26, 0.01879736244653394, 0)
(71, 27, 0.01879736244653394, 0)
(71, 28, 0.01879736244653394, 0)
(71, 29, 0.01879736244653394, 0)
(71, 30, 0.01879736244653394, 0)
(71, 31, 0.01879736244653394, 0)
(71, 32, 0.01879736244653394, 0)
(71, 33, 0.01879736244653394, 0)
(71, 36, 0.01879736244653394, 0)
(71, 38, 0.01879736244653394, 0)
(71, 40, 0.01879736244653394, 0)
(71, 41, 0.01879736244653394, 0)
(71, 42, 0.01879736244653394, 0)
(71, 43, 0.01879736244653394, 0)
(71, 44, 0.01879736244653394, 0)
(71, 45, 0.01879736244653394, 0)
(72, 1, 0.016917626201880545, 0)
(72, 3, 0.016917626201880545, 0)
(72, 5, 0.016917626201880545, 0)
(72, 6, 0.016917626201880545, 0)
(72, 7, 0.016917626201880545, 0)
(72, 8, 0.016917626201880545, 0)
(72, 12, 0.016917626201880545, 0)
(72, 13, 0.016917626201880545, 0)
(72, 14, 0.016917626201880545, 0)
(72, 16, 0.016917626201880545, 0)
(72, 18, 0.016917626201880545, 0)
(72, 19, 0.016917626201880545, 0)
(72, 20, 0.016917626201880545, 0)
(72, 21, 0.016917626201880545, 0)
(72, 23, 0.016917626201880545, 0)
(72, 25, 0.016917626201880545, 0)
(72, 26, 0.016917626201880545, 0)
(72, 27, 0.016917626201880545, 0)
(72, 28, 0.016917626201880545, 0)
(72, 31, 0.016917626201880545, 0)
(72, 32, 0.016917626201880545, 0)
(72, 33, 0.016917626201880545, 0)
(72, 34, 0.016917626201880545, 0)
(72, 36, 0.016917626201880545, 0)
(72, 37, 0.016917626201880545, 0)
(72, 40, 0.016917626201880545, 0)
(72, 41, 0.016917626201880545, 0)
(72, 42, 0.016917626201880545, 0)
(72, 44, 0.016917626201880545, 0)
(72, 45, 0.016917626201880545, 0)
(73, 3, 0.01522586358169249, 0)
(73, 5, 0.01522586358169249, 0)
(73, 6, 0.01522586358169249, 0)
(73, 7, 0.01522586358169249, 0)
(73, 9, 0.01522586358169249, 0)
(73, 10, 0.01522586358169249, 0)
(73, 13, 0.01522586358169249, 0)
(73, 14, 0.01522586358169249, 0)
(73, 15, 0.01522586358169249, 0)
(73, 16, 0.01522586358169249, 0)
(73, 17, 0.01522586358169249, 0)
(73, 18, 0.01522586358169249, 0)
(73, 21, 0.01522586358169249, 0)
(73, 23, 0.01522586358169249, 0)
(73, 24, 0.01522586358169249, 0)
(73, 25, 0.01522586358169249, 0)
(73, 26, 0.01522586358169249, 0)
(73, 27, 0.01522586358169249, 0)
(73, 29, 0.01522586358169249, 0)
(73, 34, 0.01522586358169249, 0)
(73, 35, 0.01522586358169249, 0)
(73, 36, 0.01522586358169249, 0)
(73, 37, 0.01522586358169249, 0)
(73, 42, 0.01522586358169249, 0)
(73, 43, 0.01522586358169249, 0)
(73, 44, 0.01522586358169249, 0)
(73, 45, 0.01522586358169249, 0)
(73, 47, 0.01522586358169249, 0)
(73, 49, 0.01522586358169249, 0)
(73, 50, 0.01522586358169249, 0)
(74, 1, 0.013703277223523241, 0)
(74, 2, 0.013703277223523241, 0)
(74, 7, 0.013703277223523241, 0)
(74, 8, 0.013703277223523241, 0)
(74, 10, 0.013703277223523241, 0)
(74, 11, 0.013703277223523241, 0)
(74, 12, 0.013703277223523241, 0)
(74, 13, 0.013703277223523241, 0)
(74, 14, 0.013703277223523241, 0)
(74, 17, 0.013703277223523241, 0)
(74, 19, 0.013703277223523241, 0)
(74, 20, 0.013703277223523241, 0)
(74, 21, 0.013703277223523241, 0)
(74, 27, 0.013703277223523241, 0)
(74, 28, 0.013703277223523241, 0)
(74, 29, 0.013703277223523241, 0)
(74, 30, 0.013703277223523241, 0)
(74, 31, 0.013703277223523241, 0)
(74, 34, 0.013703277223523241, 0)
(74, 35, 0.013703277223523241, 0)
(74, 37, 0.013703277223523241, 0)
(74, 38, 0.013703277223523241, 0)
(74, 39, 0.013703277223523241, 0)
(74, 40, 0.013703277223523241, 0)
(74, 41, 0.013703277223523241, 0)
(74, 42, 0.013703277223523241, 0)
(74, 43, 0.013703277223523241, 0)
(74, 44, 0.013703277223523241, 0)
(74, 45, 0.013703277223523241, 0)
(74, 46, 0.013703277223523241, 0)
(75, 1, 0.012332949501170918, 0)
(75, 2, 0.012332949501170918, 0)
(75, 4, 0.012332949501170918, 0)
(75, 5, 0.012332949501170918, 0)
(75, 6, 0.012332949501170918, 0)
(75, 7, 0.012332949501170918, 0)
(75, 9, 0.012332949501170918, 0)
(75, 10, 0.012332949501170918, 0)
(75, 11, 0.012332949501170918, 0)
(75, 14, 0.012332949501170918, 0)
(75, 15, 0.012332949501170918, 0)
(75, 16, 0.012332949501170918, 0)
(75, 18, 0.012332949501170918, 0)
(75, 20, 0.012332949501170918, 0)
(75, 22, 0.012332949501170918, 0)
(75, 23, 0.012332949501170918, 0)
(75, 24, 0.012332949501170918, 0)
(75, 25, 0.012332949501170918, 0)
(75, 28, 0.012332949501170918, 0)
(75, 29, 0.012332949501170918, 0)
(75, 30, 0.012332949501170918, 0)
(75, 31, 0.012332949501170918, 0)
(75, 32, 0.012332949501170918, 0)
(75, 35, 0.012332949501170918, 0)
(75, 37, 0.012332949501170918, 0)
(75, 38, 0.012332949501170918, 0)
(75, 40, 0.012332949501170918, 0)
(75, 41, 0.012332949501170918, 0)
(75, 42, 0.012332949501170918, 0)
(75, 43, 0.012332949501170918, 0)
(76, 3, 0.011099654551053826, 0)
(76, 4, 0.011099654551053826, 0)
(76, 5, 0.011099654551053826, 0)
(76, 7, 0.011099654551053826, 0)
(76, 8, 0.011099654551053826, 0)
(76, 10, 0.011099654551053826, 0)
(76, 12, 0.011099654551053826, 0)
(76, 13, 0.011099654551053826, 0)
(76, 14, 0.011099654551053826, 0)
(76, 15, 0.011099654551053826, 0)
(76, 16, 0.011099654551053826, 0)
(76, 17, 0.011099654551053826, 0)
(76, 20, 0.011099654551053826, 0)
(76, 22, 0.011099654551053826, 0)
(76, 24, 0.011099654551053826, 0)
(76, 28, 0.011099654551053826, 0)
(76, 29, 0.011099654551053826, 0)
(76, 31, 0.011099654551053826, 0)
(76, 33, 0.011099654551053826, 0)
(76, 34, 0.011099654551053826, 0)
(76, 35, 0.011099654551053826, 0)
(76, 36, 0.011099654551053826, 0)
(76, 37, 0.011099654551053826, 0)
(76, 38, 0.011099654551053826, 0)
(76, 40, 0.011099654551053826, 0)
(76, 41, 0.011099654551053826, 0)
(76, 42, 0.011099654551053826, 0)
(76, 43, 0.011099654551053826, 0)
(76, 44, 0.011099654551053826, 0)
(76, 45, 0.011099654551053826, 0)
(77, 2, 0.009989689095948443, 0)
(77, 6, 0.009989689095948443, 0)
(77, 7, 0.009989689095948443, 0)
(77, 8, 0.009989689095948443, 0)
(77, 9, 0.009989689095948443, 0)
(77, 10, 0.009989689095948443, 0)
(77, 12, 0.009989689095948443, 0)
(77, 13, 0.009989689095948443, 0)
(77, 18, 0.009989689095948443, 0)
(77, 19, 0.009989689095948443, 0)
(77, 21, 0.009989689095948443, 0)
(77, 22, 0.009989689095948443, 0)
(77, 23, 0.009989689095948443, 0)
(77, 24, 0.009989689095948443, 0)
(77, 25, 0.009989689095948443, 0)
(77, 26, 0.009989689095948443, 0)
(77, 27, 0.009989689095948443, 0)
(77, 32, 0.009989689095948443, 0)
(77, 33, 0.009989689095948443, 0)
(77, 34, 0.009989689095948443, 0)
(77, 35, 0.009989689095948443, 0)
(77, 36, 0.009989689095948443, 0)
(77, 37, 0.009989689095948443, 0)
(77, 38, 0.009989689095948443, 0)
(77, 39, 0.009989689095948443, 0)
(77, 41, 0.009989689095948443, 0)
(77, 45, 0.009989689095948443, 0)
(77, 46, 0.009989689095948443, 0)
(77, 47, 0.009989689095948443, 0)
(77, 51, 0.009989689095948443, 0)
(78, 1, 0.0089907201863536, 0)
(78, 3, 0.0089907201863536, 0)
(78, 4, 0.0089907201863536, 0)
(78, 6, 0.0089907201863536, 0)
(78, 7, 0.0089907201863536, 0)
(78, 8, 0.0089907201863536, 0)
(78, 9, 0.0089907201863536, 0)
(78, 10, 0.0089907201863536, 0)
(78, 12, 0.0089907201863536, 0)
(78, 13, 0.0089907201863536, 0)
(78, 15, 0.0089907201863536, 0)
(78, 17, 0.0089907201863536, 0)
(78, 18, 0.0089907201863536, 0)
(78, 19, 0.0089907201863536, 0)
(78, 20, 0.0089907201863536, 0)
(78, 23, 0.0089907201863536, 0)
(78, 24, 0.0089907201863536, 0)
(78, 25, 0.0089907201863536, 0)
(78, 26, 0.0089907201863536, 0)
(78, 27, 0.0089907201863536, 0)
(78, 29, 0.0089907201863536, 0)
(78, 30, 0.0089907201863536, 0)
(78, 33, 0.0089907201863536, 0)
(78, 34, 0.0089907201863536, 0)
(78, 35, 0.0089907201863536, 0)
(78, 37, 0.0089907201863536, 0)
(78, 38, 0.0089907201863536, 0)
(78, 39, 0.0089907201863536, 0)
(78, 40, 0.0089907201863536, 0)
(78, 41, 0.0089907201863536, 0)
(79, 2, 0.00809164816771824, 0)
(79, 7, 0.00809164816771824, 0)
(79, 8, 0.00809164816771824, 0)
(79, 9, 0.00809164816771824, 0)
(79, 10, 0.00809164816771824, 0)
(79, 11, 0.00809164816771824, 0)
(79, 12, 0.00809164816771824, 0)
(79, 13, 0.00809164816771824, 0)
(79, 14, 0.00809164816771824, 0)
(79, 15, 0.00809164816771824, 0)
(79, 17, 0.00809164816771824, 0)
(79, 18, 0.00809164816771824, 0)
(79, 20, 0.00809164816771824, 0)
(79, 21, 0.00809164816771824, 0)
(79, 22, 0.00809164816771824, 0)
(79, 23, 0.00809164816771824, 0)
(79, 24, 0.00809164816771824, 0)
(79, 25, 0.00809164816771824, 0)
(79, 26, 0.00809164816771824, 0)
(79, 27, 0.00809164816771824, 0)
(79, 28, 0.00809164816771824, 0)
(79, 29, 0.00809164816771824, 0)
(79, 32, 0.00809164816771824, 0)
(79, 33, 0.00809164816771824, 0)
(79, 34, 0.00809164816771824, 0)
(79, 35, 0.00809164816771824, 0)
(79, 37, 0.00809164816771824, 0)
(79, 38, 0.00809164816771824, 0)
(79, 40, 0.00809164816771824, 0)
(79, 42, 0.00809164816771824, 0)
(80, 1, 0.007282483350946416, 0)
(80, 2, 0.007282483350946416, 0)
(80, 3, 0.007282483350946416, 0)
(80, 5, 0.007282483350946416, 0)
(80, 6, 0.007282483350946416, 0)
(80, 7, 0.007282483350946416, 0)
(80, 8, 0.007282483350946416, 0)
(80, 9, 0.007282483350946416, 0)
(80, 10, 0.007282483350946416, 0)
(80, 11, 0.007282483350946416, 0)
(80, 12, 0.007282483350946416, 0)
(80, 13, 0.007282483350946416, 0)
(80, 16, 0.007282483350946416, 0)
(80, 18, 0.007282483350946416, 0)
(80, 19, 0.007282483350946416, 0)
(80, 21, 0.007282483350946416, 0)
(80, 22, 0.007282483350946416, 0)
(80, 23, 0.007282483350946416, 0)
(80, 25, 0.007282483350946416, 0)
(80, 26, 0.007282483350946416, 0)
(80, 27, 0.007282483350946416, 0)
(80, 28, 0.007282483350946416, 0)
(80, 29, 0.007282483350946416, 0)
(80, 31, 0.007282483350946416, 0)
(80, 32, 0.007282483350946416, 0)
(80, 33, 0.007282483350946416, 0)
(80, 36, 0.007282483350946416, 0)
(80, 37, 0.007282483350946416, 0)
(80, 38, 0.007282483350946416, 0)
(80, 39, 0.007282483350946416, 0)
(81, 3, 0.006554235015851775, 0)
(81, 5, 0.006554235015851775, 0)
(81, 7, 0.006554235015851775, 0)
(81, 8, 0.006554235015851775, 0)
(81, 9, 0.006554235015851775, 0)
(81, 10, 0.006554235015851775, 0)
(81, 11, 0.006554235015851775, 0)
(81, 12, 0.006554235015851775, 0)
(81, 13, 0.006554235015851775, 0)
(81, 16, 0.006554235015851775, 0)
(81, 18, 0.006554235015851775, 0)
(81, 20, 0.006554235015851775, 0)
(81, 23, 0.006554235015851775, 0)
(81, 26, 0.006554235015851775, 0)
(81, 27, 0.006554235015851775, 0)
(81, 28, 0.006554235015851775, 0)
(81, 29, 0.006554235015851775, 0)
(81, 30, 0.006554235015851775, 0)
(81, 34, 0.006554235015851775, 0)
(81, 36, 0.006554235015851775, 0)
(81, 39, 0.006554235015851775, 0)
(81, 41, 0.006554235015851775, 0)
(81, 42, 0.006554235015851775, 0)
(81, 43, 0.006554235015851775, 0)
(81, 44, 0.006554235015851775, 0)
(81, 45, 0.006554235015851775, 0)
(81, 46, 0.006554235015851775, 0)
(81, 47, 0.006554235015851775, 0)
(81, 49, 0.006554235015851775, 0)
(81, 50, 0.006554235015851775, 0)
(82, 1, 0.0058988115142665975, 0)
(82, 2, 0.0058988115142665975, 0)
(82, 3, 0.0058988115142665975, 0)
(82, 5, 0.0058988115142665975, 0)
(82, 6, 0.0058988115142665975, 0)
(82, 8, 0.0058988115142665975, 0)
(82, 9, 0.0058988115142665975, 0)
(82, 10, 0.0058988115142665975, 0)
(82, 11, 0.0058988115142665975, 0)
(82, 12, 0.0058988115142665975, 0)
(82, 14, 0.0058988115142665975, 0)
(82, 15, 0.0058988115142665975, 0)
(82, 16, 0.0058988115142665975, 0)
(82, 17, 0.0058988115142665975, 0)
(82, 18, 0.0058988115142665975, 0)
(82, 19, 0.0058988115142665975, 0)
(82, 22, 0.0058988115142665975, 0)
(82, 23, 0.0058988115142665975, 0)
(82, 24, 0.0058988115142665975, 0)
(82, 25, 0.0058988115142665975, 0)
(82, 26, 0.0058988115142665975, 0)
(82, 28, 0.0058988115142665975, 0)
(82, 30, 0.0058988115142665975, 0)
(82, 31, 0.0058988115142665975, 0)
(82, 32, 0.0058988115142665975, 0)
(82, 33, 0.0058988115142665975, 0)
(82, 34, 0.0058988115142665975, 0)
(82, 36, 0.0058988115142665975, 0)
(82, 41, 0.0058988115142665975, 0)
(82, 43, 0.0058988115142665975, 0)
(83, 2, 0.005308930362839938, 0)
(83, 4, 0.005308930362839938, 0)
(83, 6, 0.005308930362839938, 0)
(83, 7, 0.005308930362839938, 0)
(83, 8, 0.005308930362839938, 0)
(83, 9, 0.005308930362839938, 0)
(83, 10, 0.005308930362839938, 0)
(83, 13, 0.005308930362839938, 0)
(83, 14, 0.005308930362839938, 0)
(83, 15, 0.005308930362839938, 0)
(83, 16, 0.005308930362839938, 0)
(83, 18, 0.005308930362839938, 0)
(83, 19, 0.005308930362839938, 0)
(83, 21, 0.005308930362839938, 0)
(83, 22, 0.005308930362839938, 0)
(83, 23, 0.005308930362839938, 0)
(83, 24, 0.005308930362839938, 0)
(83, 25, 0.005308930362839938, 0)
(83, 26, 0.005308930362839938, 0)
(83, 28, 0.005308930362839938, 0)
(83, 32, 0.005308930362839938, 0)
(83, 33, 0.005308930362839938, 0)
(83, 34, 0.005308930362839938, 0)
(83, 35, 0.005308930362839938, 0)
(83, 37, 0.005308930362839938, 0)
(83, 38, 0.005308930362839938, 0)
(83, 39, 0.005308930362839938, 0)
(83, 40, 0.005308930362839938, 0)
(83, 41, 0.005308930362839938, 0)
(83, 44, 0.005308930362839938, 0)
(84, 1, 0.004778037326555944, 0)
(84, 3, 0.004778037326555944, 0)
(84, 4, 0.004778037326555944, 0)
(84, 6, 0.004778037326555944, 0)
(84, 7, 0.004778037326555944, 0)
(84, 11, 0.004778037326555944, 0)
(84, 13, 0.004778037326555944, 0)
(84, 14, 0.004778037326555944, 0)
(84, 15, 0.004778037326555944, 0)
(84, 16, 0.004778037326555944, 0)
(84, 18, 0.004778037326555944, 0)
(84, 19, 0.004778037326555944, 0)
(84, 20, 0.004778037326555944, 0)
(84, 22, 0.004778037326555944, 0)
(84, 23, 0.004778037326555944, 0)
(84, 24, 0.004778037326555944, 0)
(84, 26, 0.004778037326555944, 0)
(84, 27, 0.004778037326555944, 0)
(84, 28, 0.004778037326555944, 0)
(84, 29, 0.004778037326555944, 0)
(84, 31, 0.004778037326555944, 0)
(84, 32, 0.004778037326555944, 0)
(84, 35, 0.004778037326555944, 0)
(84, 36, 0.004778037326555944, 0)
(84, 37, 0.004778037326555944, 0)
(84, 38, 0.004778037326555944, 0)
(84, 40, 0.004778037326555944, 0)
(84, 43, 0.004778037326555944, 0)
(84, 45, 0.004778037326555944, 0)
(84, 47, 0.004778037326555944, 0)
(85, 1, 0.00430023359390035, 0)
(85, 2, 0.00430023359390035, 0)
(85, 3, 0.00430023359390035, 0)
(85, 4, 0.00430023359390035, 0)
(85, 5, 0.00430023359390035, 0)
(85, 7, 0.00430023359390035, 0)
(85, 8, 0.00430023359390035, 0)
(85, 9, 0.00430023359390035, 0)
(85, 10, 0.00430023359390035, 0)
(85, 11, 0.00430023359390035, 0)
(85, 14, 0.00430023359390035, 0)
(85, 17, 0.00430023359390035, 0)
(85, 18, 0.00430023359390035, 0)
(85, 19, 0.00430023359390035, 0)
(85, 22, 0.00430023359390035, 0)
(85, 23, 0.00430023359390035, 0)
(85, 24, 0.00430023359390035, 0)
(85, 25, 0.00430023359390035, 0)
(85, 26, 0.00430023359390035, 0)
(85, 27, 0.00430023359390035, 0)
(85, 29, 0.00430023359390035, 0)
(85, 30, 0.00430023359390035, 0)
(85, 31, 0.00430023359390035, 0)
(85, 33, 0.00430023359390035, 0)
(85, 34, 0.00430023359390035, 0)
(85, 35, 0.00430023359390035, 0)
(85, 36, 0.00430023359390035, 0)
(85, 37, 0.00430023359390035, 0)
(85, 38, 0.00430023359390035, 0)
(85, 39, 0.00430023359390035, 0)
(86, 2, 0.0038702102345103155, 0)
(86, 5, 0.0038702102345103155, 0)
(86, 8, 0.0038702102345103155, 0)
(86, 9, 0.0038702102345103155, 0)
(86, 10, 0.0038702102345103155, 0)
(86, 12, 0.0038702102345103155, 0)
(86, 13, 0.0038702102345103155, 0)
(86, 14, 0.0038702102345103155, 0)
(86, 15, 0.0038702102345103155, 0)
(86, 16, 0.0038702102345103155, 0)
(86, 17, 0.0038702102345103155, 0)
(86, 21, 0.0038702102345103155, 0)
(86, 22, 0.0038702102345103155, 0)
(86, 23, 0.0038702102345103155, 0)
(86, 27, 0.0038702102345103155, 0)
(86, 28, 0.0038702102345103155, 0)
(86, 30, 0.0038702102345103155, 0)
(86, 31, 0.0038702102345103155, 0)
(86, 33, 0.0038702102345103155, 0)
(86, 34, 0.0038702102345103155, 0)
(86, 35, 0.0038702102345103155, 0)
(86, 36, 0.0038702102345103155, 0)
(86, 41, 0.0038702102345103155, 0)
(86, 42, 0.0038702102345103155, 0)
(86, 43, 0.0038702102345103155, 0)
(86, 44, 0.0038702102345103155, 0)
(86, 45, 0.0038702102345103155, 0)
(86, 46, 0.0038702102345103155, 0)
(86, 47, 0.0038702102345103155, 0)
(86, 49, 0.0038702102345103155, 0)
(87, 1, 0.003483189211059284, 0)
(87, 2, 0.003483189211059284, 0)
(87, 4, 0.003483189211059284, 0)
(87, 9, 0.003483189211059284, 0)
(87, 10, 0.003483189211059284, 0)
(87, 11, 0.003483189211059284, 0)
(87, 12, 0.003483189211059284, 0)
(87, 13, 0.003483189211059284, 0)
(87, 16, 0.003483189211059284, 0)
(87, 18, 0.003483189211059284, 0)
(87, 22, 0.003483189211059284, 0)
(87, 23, 0.003483189211059284, 0)
(87, 25, 0.003483189211059284, 0)
(87, 26, 0.003483189211059284, 0)
(87, 27, 0.003483189211059284, 0)
(87, 28, 0.003483189211059284, 0)
(87, 29, 0.003483189211059284, 0)
(87, 30, 0.003483189211059284, 0)
(87, 31, 0.003483189211059284, 0)
(87, 34, 0.003483189211059284, 0)
(87, 35, 0.003483189211059284, 0)
(87, 36, 0.003483189211059284, 0)
(87, 37, 0.003483189211059284, 0)
(87, 39, 0.003483189211059284, 0)
(87, 40, 0.003483189211059284, 0)
(87, 42, 0.003483189211059284, 0)
(87, 43, 0.003483189211059284, 0)
(87, 44, 0.003483189211059284, 0)
(87, 45, 0.003483189211059284, 0)
(87, 46, 0.003483189211059284, 0)
(88, 1, 0.0031348702899533557, 0)
(88, 3, 0.0031348702899533557, 0)
(88, 5, 0.0031348702899533557, 0)
(88, 7, 0.0031348702899533557, 0)
(88, 10, 0.0031348702899533557, 0)
(88, 11, 0.0031348702899533557, 0)
(88, 12, 0.0031348702899533557, 0)
(88, 13, 0.0031348702899533557, 0)
(88, 15, 0.0031348702899533557, 0)
(88, 16, 0.0031348702899533557, 0)
(88, 17, 0.0031348702899533557, 0)
(88, 19, 0.0031348702899533557, 0)
(88, 21, 0.0031348702899533557, 0)
(88, 22, 0.0031348702899533557, 0)
(88, 23, 0.0031348702899533557, 0)
(88, 24, 0.0031348702899533557, 0)
(88, 25, 0.0031348702899533557, 0)
(88, 26, 0.0031348702899533557, 0)
(88, 27, 0.0031348702899533557, 0)
(88, 28, 0.0031348702899533557, 0)
(88, 29, 0.0031348702899533557, 0)
(88, 30, 0.0031348702899533557, 0)
(88, 31, 0.0031348702899533557, 0)
(88, 32, 0.0031348702899533557, 0)
(88, 36, 0.0031348702899533557, 0)
(88, 37, 0.0031348702899533557, 0)
(88, 38, 0.0031348702899533557, 0)
(88, 39, 0.0031348702899533557, 0)
(88, 41, 0.0031348702899533557, 0)
(88, 42, 0.0031348702899533557, 0)
(89, 1, 0.00282138326095802, 0)
(89, 2, 0.00282138326095802, 0)
(89, 7, 0.00282138326095802, 0)
(89, 11, 0.00282138326095802, 0)
(89, 13, 0.00282138326095802, 0)
(89, 14, 0.00282138326095802, 0)
(89, 17, 0.00282138326095802, 0)
(89, 18, 0.00282138326095802, 0)
(89, 19, 0.00282138326095802, 0)
(89, 20, 0.00282138326095802, 0)
(89, 21, 0.00282138326095802, 0)
(89, 22, 0.00282138326095802, 0)
(89, 23, 0.00282138326095802, 0)
(89, 25, 0.00282138326095802, 0)
(89, 27, 0.00282138326095802, 0)
(89, 28, 0.00282138326095802, 0)
(89, 29, 0.00282138326095802, 0)
(89, 30, 0.00282138326095802, 0)
(89, 31, 0.00282138326095802, 0)
(89, 32, 0.00282138326095802, 0)
(89, 33, 0.00282138326095802, 0)
(89, 34, 0.00282138326095802, 0)
(89, 36, 0.00282138326095802, 0)
(89, 37, 0.00282138326095802, 0)
(89, 38, 0.00282138326095802, 0)
(89, 41, 0.00282138326095802, 0)
(89, 42, 0.00282138326095802, 0)
(89, 44, 0.00282138326095802, 0)
(89, 45, 0.00282138326095802, 0)
(89, 46, 0.00282138326095802, 0)
(90, 1, 0.0025392449348622184, 0)
(90, 2, 0.0025392449348622184, 0)
(90, 5, 0.0025392449348622184, 0)
(90, 7, 0.0025392449348622184, 0)
(90, 8, 0.0025392449348622184, 0)
(90, 9, 0.0025392449348622184, 0)
(90, 10, 0.0025392449348622184, 0)
(90, 11, 0.0025392449348622184, 0)
(90, 13, 0.0025392449348622184, 0)
(90, 15, 0.0025392449348622184, 0)
(90, 16, 0.0025392449348622184, 0)
(90, 17, 0.0025392449348622184, 0)
(90, 18, 0.0025392449348622184, 0)
(90, 19, 0.0025392449348622184, 0)
(90, 21, 0.0025392449348622184, 0)
(90, 23, 0.0025392449348622184, 0)
(90, 25, 0.0025392449348622184, 0)
(90, 26, 0.0025392449348622184, 0)
(90, 27, 0.0025392449348622184, 0)
(90, 29, 0.0025392449348622184, 0)
(90, 30, 0.0025392449348622184, 0)
(90, 31, 0.0025392449348622184, 0)
(90, 32, 0.0025392449348622184, 0)
(90, 34, 0.0025392449348622184, 0)
(90, 35, 0.0025392449348622184, 0)
(90, 36, 0.0025392449348622184, 0)
(90, 37, 0.0025392449348622184, 0)
(90, 39, 0.0025392449348622184, 0)
(90, 43, 0.0025392449348622184, 0)
(90, 44, 0.0025392449348622184, 0)
(91, 2, 0.0022853204413759965, 0)
(91, 3, 0.0022853204413759965, 0)
(91, 5, 0.0022853204413759965, 0)
(91, 6, 0.0022853204413759965, 0)
(91, 8, 0.0022853204413759965, 0)
(91, 10, 0.0022853204413759965, 0)
(91, 12, 0.0022853204413759965, 0)
(91, 13, 0.0022853204413759965, 0)
(91, 14, 0.0022853204413759965, 0)
(91, 15, 0.0022853204413759965, 0)
(91, 16, 0.0022853204413759965, 0)
(91, 17, 0.0022853204413759965, 0)
(91, 19, 0.0022853204413759965, 0)
(91, 20, 0.0022853204413759965, 0)
(91, 21, 0.0022853204413759965, 0)
(91, 22, 0.0022853204413759965, 0)
(91, 25, 0.0022853204413759965, 0)
(91, 26, 0.0022853204413759965, 0)
(91, 27, 0.0022853204413759965, 0)
(91, 28, 0.0022853204413759965, 0)
(91, 30, 0.0022853204413759965, 0)
(91, 31, 0.0022853204413759965, 0)
(91, 33, 0.0022853204413759965, 0)
(91, 34, 0.0022853204413759965, 0)
(91, 36, 0.0022853204413759965, 0)
(91, 38, 0.0022853204413759965, 0)
(91, 39, 0.0022853204413759965, 0)
(91, 40, 0.0022853204413759965, 0)
(91, 41, 0.0022853204413759965, 0)
(91, 42, 0.0022853204413759965, 0)
(92, 1, 0.002056788397238397, 0)
(92, 2, 0.002056788397238397, 0)
(92, 3, 0.002056788397238397, 0)
(92, 5, 0.002056788397238397, 0)
(92, 7, 0.002056788397238397, 0)
(92, 9, 0.002056788397238397, 0)
(92, 10, 0.002056788397238397, 0)
(92, 11, 0.002056788397238397, 0)
(92, 15, 0.002056788397238397, 0)
(92, 17, 0.002056788397238397, 0)
(92, 19, 0.002056788397238397, 0)
(92, 20, 0.002056788397238397, 0)
(92, 21, 0.002056788397238397, 0)
(92, 22, 0.002056788397238397, 0)
(92, 24, 0.002056788397238397, 0)
(92, 25, 0.002056788397238397, 0)
(92, 28, 0.002056788397238397, 0)
(92, 29, 0.002056788397238397, 0)
(92, 30, 0.002056788397238397, 0)
(92, 32, 0.002056788397238397, 0)
(92, 33, 0.002056788397238397, 0)
(92, 37, 0.002056788397238397, 0)
(92, 40, 0.002056788397238397, 0)
(92, 42, 0.002056788397238397, 0)
(92, 43, 0.002056788397238397, 0)
(92, 44, 0.002056788397238397, 0)
(92, 46, 0.002056788397238397, 0)
(92, 50, 0.002056788397238397, 0)
(92, 51, 0.002056788397238397, 0)
(92, 53, 0.002056788397238397, 0)
(93, 1, 0.0018511095575145574, 0)
(93, 2, 0.0018511095575145574, 0)
(93, 3, 0.0018511095575145574, 0)
(93, 4, 0.0018511095575145574, 0)
(93, 5, 0.0018511095575145574, 0)
(93, 7, 0.0018511095575145574, 0)
(93, 8, 0.0018511095575145574, 0)
(93, 13, 0.0018511095575145574, 0)
(93, 14, 0.0018511095575145574, 0)
(93, 15, 0.0018511095575145574, 0)
(93, 16, 0.0018511095575145574, 0)
(93, 19, 0.0018511095575145574, 0)
(93, 21, 0.0018511095575145574, 0)
(93, 22, 0.0018511095575145574, 0)
(93, 23, 0.0018511095575145574, 0)
(93, 24, 0.0018511095575145574, 0)
(93, 26, 0.0018511095575145574, 0)
(93, 28, 0.0018511095575145574, 0)
(93, 30, 0.0018511095575145574, 0)
(93, 31, 0.0018511095575145574, 0)
(93, 36, 0.0018511095575145574, 0)
(93, 38, 0.0018511095575145574, 0)
(93, 39, 0.0018511095575145574, 0)
(93, 40, 0.0018511095575145574, 0)
(93, 41, 0.0018511095575145574, 0)
(93, 43, 0.0018511095575145574, 0)
(93, 44, 0.0018511095575145574, 0)
(93, 45, 0.0018511095575145574, 0)
(93, 46, 0.0018511095575145574, 0)
(93, 47, 0.0018511095575145574, 0)
(94, 3, 0.0016659986017631017, 0)
(94, 5, 0.0016659986017631017, 0)
(94, 7, 0.0016659986017631017, 0)
(94, 8, 0.0016659986017631017, 0)
(94, 9, 0.0016659986017631017, 0)
(94, 12, 0.0016659986017631017, 0)
(94, 14, 0.0016659986017631017, 0)
(94, 16, 0.0016659986017631017, 0)
(94, 17, 0.0016659986017631017, 0)
(94, 18, 0.0016659986017631017, 0)
(94, 23, 0.0016659986017631017, 0)
(94, 24, 0.0016659986017631017, 0)
(94, 25, 0.0016659986017631017, 0)
(94, 26, 0.0016659986017631017, 0)
(94, 27, 0.0016659986017631017, 0)
(94, 28, 0.0016659986017631017, 0)
(94, 29, 0.0016659986017631017, 0)
(94, 30, 0.0016659986017631017, 0)
(94, 31, 0.0016659986017631017, 0)
(94, 33, 0.0016659986017631017, 0)
(94, 34, 0.0016659986017631017, 0)
(94, 35, 0.0016659986017631017, 0)
(94, 36, 0.0016659986017631017, 0)
(94, 37, 0.0016659986017631017, 0)
(94, 38, 0.0016659986017631017, 0)
(94, 42, 0.0016659986017631017, 0)
(94, 44, 0.0016659986017631017, 0)
(94, 45, 0.0016659986017631017, 0)
(94, 46, 0.0016659986017631017, 0)
(94, 47, 0.0016659986017631017, 0)
(95, 1, 0.0014993987415867916, 0)
(95, 3, 0.0014993987415867916, 0)
(95, 8, 0.0014993987415867916, 0)
(95, 9, 0.0014993987415867916, 0)
(95, 10, 0.0014993987415867916, 0)
(95, 11, 0.0014993987415867916, 0)
(95, 12, 0.0014993987415867916, 0)
(95, 13, 0.0014993987415867916, 0)
(95, 14, 0.0014993987415867916, 0)
(95, 16, 0.0014993987415867916, 0)
(95, 17, 0.0014993987415867916, 0)
(95, 18, 0.0014993987415867916, 0)
(95, 19, 0.0014993987415867916, 0)
(95, 20, 0.0014993987415867916, 0)
(95, 22, 0.0014993987415867916, 0)
(95, 23, 0.0014993987415867916, 0)
(95, 26, 0.0014993987415867916, 0)
(95, 27, 0.0014993987415867916, 0)
(95, 29, 0.0014993987415867916, 0)
(95, 30, 0.0014993987415867916, 0)
(95, 31, 0.0014993987415867916, 0)
(95, 32, 0.0014993987415867916, 0)
(95, 38, 0.0014993987415867916, 0)
(95, 43, 0.0014993987415867916, 0)
(95, 46, 0.0014993987415867916, 0)
(95, 47, 0.0014993987415867916, 0)
(95, 51, 0.0014993987415867916, 0)
(95, 53, 0.0014993987415867916, 0)
(95, 54, 0.0014993987415867916, 0)
(95, 55, 0.0014993987415867916, 0)
(96, 1, 0.0013494588674281124, 0)
(96, 2, 0.0013494588674281124, 0)
(96, 4, 0.0013494588674281124, 0)
(96, 5, 0.0013494588674281124, 0)
(96, 6, 0.0013494588674281124, 0)
(96, 7, 0.0013494588674281124, 0)
(96, 8, 0.0013494588674281124, 0)
(96, 9, 0.0013494588674281124, 0)
(96, 10, 0.0013494588674281124, 0)
(96, 12, 0.0013494588674281124, 0)
(96, 13, 0.0013494588674281124, 0)
(96, 14, 0.0013494588674281124, 0)
(96, 15, 0.0013494588674281124, 0)
(96, 16, 0.0013494588674281124, 0)
(96, 17, 0.0013494588674281124, 0)
(96, 18, 0.0013494588674281124, 0)
(96, 19, 0.0013494588674281124, 0)
(96, 21, 0.0013494588674281124, 0)
(96, 23, 0.0013494588674281124, 0)
(96, 24, 0.0013494588674281124, 0)
(96, 26, 0.0013494588674281124, 0)
(96, 28, 0.0013494588674281124, 0)
(96, 30, 0.0013494588674281124, 0)
(96, 31, 0.0013494588674281124, 0)
(96, 32, 0.0013494588674281124, 0)
(96, 33, 0.0013494588674281124, 0)
(96, 36, 0.0013494588674281124, 0)
(96, 37, 0.0013494588674281124, 0)
(96, 38, 0.0013494588674281124, 0)
(96, 40, 0.0013494588674281124, 0)
(97, 1, 0.0012145129806853013, 0)
(97, 2, 0.0012145129806853013, 0)
(97, 3, 0.0012145129806853013, 0)
(97, 4, 0.0012145129806853013, 0)
(97, 5, 0.0012145129806853013, 0)
(97, 6, 0.0012145129806853013, 0)
(97, 9, 0.0012145129806853013, 0)
(97, 13, 0.0012145129806853013, 0)
(97, 16, 0.0012145129806853013, 0)
(97, 17, 0.0012145129806853013, 0)
(97, 19, 0.0012145129806853013, 0)
(97, 20, 0.0012145129806853013, 0)
(97, 21, 0.0012145129806853013, 0)
(97, 22, 0.0012145129806853013, 0)
(97, 25, 0.0012145129806853013, 0)
(97, 27, 0.0012145129806853013, 0)
(97, 28, 0.0012145129806853013, 0)
(97, 29, 0.0012145129806853013, 0)
(97, 30, 0.0012145129806853013, 0)
(97, 31, 0.0012145129806853013, 0)
(97, 32, 0.0012145129806853013, 0)
(97, 33, 0.0012145129806853013, 0)
(97, 34, 0.0012145129806853013, 0)
(97, 35, 0.0012145129806853013, 0)
(97, 36, 0.0012145129806853013, 0)
(97, 37, 0.0012145129806853013, 0)
(97, 38, 0.0012145129806853013, 0)
(97, 39, 0.0012145129806853013, 0)
(97, 40, 0.0012145129806853013, 0)
(97, 41, 0.0012145129806853013, 0)
(98, 1, 0.0010930616826167713, 0)
(98, 2, 0.0010930616826167713, 0)
(98, 3, 0.0010930616826167713, 0)
(98, 4, 0.0010930616826167713, 0)
(98, 5, 0.0010930616826167713, 0)
(98, 7, 0.0010930616826167713, 0)
(98, 8, 0.0010930616826167713, 0)
(98, 11, 0.0010930616826167713, 0)
(98, 12, 0.0010930616826167713, 0)
(98, 13, 0.0010930616826167713, 0)
(98, 15, 0.0010930616826167713, 0)
(98, 17, 0.0010930616826167713, 0)
(98, 18, 0.0010930616826167713, 0)
(98, 19, 0.0010930616826167713, 0)
(98, 20, 0.0010930616826167713, 0)
(98, 21, 0.0010930616826167713, 0)
(98, 24, 0.0010930616826167713, 0)
(98, 25, 0.0010930616826167713, 0)
(98, 26, 0.0010930616826167713, 0)
(98, 27, 0.0010930616826167713, 0)
(98, 28, 0.0010930616826167713, 0)
(98, 30, 0.0010930616826167713, 0)
(98, 31, 0.0010930616826167713, 0)
(98, 33, 0.0010930616826167713, 0)
(98, 36, 0.0010930616826167713, 0)
(98, 37, 0.0010930616826167713, 0)
(98, 38, 0.0010930616826167713, 0)
(98, 39, 0.0010930616826167713, 0)
(98, 41, 0.0010930616826167713, 0)
(98, 44, 0.0010930616826167713, 0)
(99, 1, 0.0009837555143550941, 0)
(99, 2, 0.0009837555143550941, 0)
(99, 3, 0.0009837555143550941, 0)
(99, 4, 0.0009837555143550941, 0)
(99, 5, 0.0009837555143550941, 0)
(99, 7, 0.0009837555143550941, 0)
(99, 8, 0.0009837555143550941, 0)
(99, 9, 0.0009837555143550941, 0)
(99, 11, 0.0009837555143550941, 0)
(99, 12, 0.0009837555143550941, 0)
(99, 14, 0.0009837555143550941, 0)
(99, 15, 0.0009837555143550941, 0)
(99, 16, 0.0009837555143550941, 0)
(99, 18, 0.0009837555143550941, 0)
(99, 20, 0.0009837555143550941, 0)
(99, 21, 0.0009837555143550941, 0)
(99, 22, 0.0009837555143550941, 0)
(99, 23, 0.0009837555143550941, 0)
(99, 25, 0.0009837555143550941, 0)
(99, 26, 0.0009837555143550941, 0)
(99, 27, 0.0009837555143550941, 0)
(99, 28, 0.0009837555143550941, 0)
(99, 29, 0.0009837555143550941, 0)
(99, 31, 0.0009837555143550941, 0)
(99, 32, 0.0009837555143550941, 0)
(99, 34, 0.0009837555143550941, 0)
(99, 36, 0.0009837555143550941, 0)
(99, 37, 0.0009837555143550941, 0)
(99, 40, 0.0009837555143550941, 0)
(99, 41, 0.0009837555143550941, 0)
