100, 100, 30, 30, 0.9, 238
(1, 1, 30, 492)
(1, 2, 30, 492)
(1, 3, 30, 492)
(1, 4, 30, 492)
(1, 5, 30, 492)
(1, 6, 30, 492)
(1, 7, 30, 492)
(1, 8, 30, 492)
(1, 9, 30, 492)
(1, 10, 30, 492)
(1, 11, 30, 492)
(1, 12, 30, 492)
(1, 13, 30, 492)
(1, 14, 30, 492)
(1, 15, 30, 492)
(1, 16, 30, 492)
(1, 17, 30, 449)
(1, 18, 30, 449)
(1, 19, 30, 449)
(1, 20, 30, 432)
(1, 21, 30, 422)
(1, 22, 30, 422)
(1, 23, 30, 422)
(1, 24, 30, 422)
(1, 25, 30, 422)
(1, 26, 30, 422)
(1, 27, 30, 422)
(1, 28, 30, 422)
(1, 29, 30, 422)
(1, 30, 30, 422)
(2, 1, 27.0, 422)
(2, 2, 27.0, 422)
(2, 3, 27.0, 422)
(2, 4, 27.0, 422)
(2, 5, 27.0, 422)
(2, 6, 27.0, 422)
(2, 7, 27.0, 422)
(2, 8, 27.0, 422)
(2, 9, 27.0, 422)
(2, 10, 27.0, 422)
(2, 11, 27.0, 422)
(2, 12, 27.0, 422)
(2, 14, 27.0, 422)
(2, 15, 27.0, 422)
(2, 16, 27.0, 422)
(2, 17, 27.0, 422)
(2, 18, 27.0, 422)
(2, 19, 27.0, 422)
(2, 20, 27.0, 422)
(2, 21, 27.0, 383)
(2, 22, 27.0, 373)
(2, 23, 27.0, 373)
(2, 24, 27.0, 373)
(2, 25, 27.0, 373)
(2, 26, 27.0, 376)
(2, 27, 27.0, 376)
(2, 28, 27.0, 376)
(2, 29, 27.0, 376)
(2, 30, 27.0, 376)
(2, 31, 27.0, 376)
(3, 1, 24.3, 376)
(3, 2, 24.3, 376)
(3, 3, 24.3, 376)
(3, 4, 24.3, 338)
(3, 5, 24.3, 338)
(3, 6, 24.3, 338)
(3, 7, 24.3, 338)
(3, 8, 24.3, 338)
(3, 9, 24.3, 338)
(3, 10, 24.3, 338)
(3, 11, 24.3, 338)
(3, 12, 24.3, 338)
(3, 13, 24.3, 338)
(3, 14, 24.3, 338)
(3, 15, 24.3, 338)
(3, 16, 24.3, 338)
(3, 17, 24.3, 338)
(3, 18, 24.3, 338)
(3, 19, 24.3, 338)
(3, 20, 24.3, 338)
(3, 21, 24.3, 338)
(3, 22, 24.3, 338)
(3, 23, 24.3, 338)
(3, 24, 24.3, 338)
(3, 25, 24.3, 338)
(3, 26, 24.3, 338)
(3, 27, 24.3, 338)
(3, 28, 24.3, 338)
(3, 29, 24.3, 338)
(3, 30, 24.3, 338)
(4, 1, 21.87, 338)
(4, 2, 21.87, 338)
(4, 3, 21.87, 338)
(4, 4, 21.87, 338)
(4, 5, 21.87, 338)
(4, 6, 21.87, 338)
(4, 7, 21.87, 338)
(4, 8, 21.87, 338)
(4, 9, 21.87, 338)
(4, 10, 21.87, 338)
(4, 11, 21.87, 338)
(4, 12, 21.87, 338)
(4, 13, 21.87, 338)
(4, 14, 21.87, 338)
(4, 15, 21.87, 338)
(4, 16, 21.87, 338)
(4, 17, 21.87, 338)
(4, 18, 21.87, 356)
(4, 19, 21.87, 356)
(4, 20, 21.87, 348)
(4, 21, 21.87, 348)
(4, 22, 21.87, 348)
(4, 23, 21.87, 348)
(4, 24, 21.87, 348)
(4, 25, 21.87, 348)
(4, 26, 21.87, 348)
(4, 27, 21.87, 299)
(4, 28, 21.87, 259)
(4, 29, 21.87, 259)
(4, 30, 21.87, 259)
(5, 1, 19.683, 259)
(5, 2, 19.683, 259)
(5, 3, 19.683, 259)
(5, 4, 19.683, 259)
(5, 5, 19.683, 259)
(5, 6, 19.683, 259)
(5, 7, 19.683, 259)
(5, 8, 19.683, 259)
(5, 9, 19.683, 259)
(5, 10, 19.683, 259)
(5, 11, 19.683, 259)
(5, 13, 19.683, 259)
(5, 14, 19.683, 259)
(5, 15, 19.683, 259)
(5, 16, 19.683, 259)
(5, 17, 19.683, 259)
(5, 18, 19.683, 259)
(5, 19, 19.683, 259)
(5, 20, 19.683, 259)
(5, 21, 19.683, 259)
(5, 22, 19.683, 259)
(5, 23, 19.683, 249)
(5, 24, 19.683, 249)
(5, 25, 19.683, 249)
(5, 27, 19.683, 249)
(5, 28, 19.683, 249)
(5, 29, 19.683, 249)
(5, 30, 19.683, 249)
(5, 31, 19.683, 249)
(5, 32, 19.683, 249)
(6, 1, 17.7147, 249)
(6, 2, 17.7147, 249)
(6, 3, 17.7147, 159)
(6, 4, 17.7147, 159)
(6, 5, 17.7147, 159)
(6, 6, 17.7147, 159)
(6, 7, 17.7147, 159)
(6, 8, 17.7147, 159)
(6, 9, 17.7147, 159)
(6, 10, 17.7147, 159)
(6, 11, 17.7147, 159)
(6, 12, 17.7147, 158)
(6, 13, 17.7147, 158)
(6, 14, 17.7147, 158)
(6, 15, 17.7147, 158)
(6, 16, 17.7147, 158)
(6, 17, 17.7147, 158)
(6, 18, 17.7147, 158)
(6, 19, 17.7147, 158)
(6, 20, 17.7147, 158)
(6, 21, 17.7147, 158)
(6, 22, 17.7147, 158)
(6, 23, 17.7147, 158)
(6, 24, 17.7147, 163)
(6, 25, 17.7147, 163)
(6, 26, 17.7147, 163)
(6, 27, 17.7147, 163)
(6, 28, 17.7147, 163)
(6, 29, 17.7147, 163)
(6, 30, 17.7147, 163)
(7, 1, 15.943230000000002, 163)
(7, 2, 15.943230000000002, 163)
(7, 3, 15.943230000000002, 163)
(7, 4, 15.943230000000002, 163)
(7, 5, 15.943230000000002, 163)
(7, 6, 15.943230000000002, 163)
(7, 7, 15.943230000000002, 163)
(7, 8, 15.943230000000002, 163)
(7, 9, 15.943230000000002, 163)
(7, 10, 15.943230000000002, 169)
(7, 11, 15.943230000000002, 114)
(7, 12, 15.943230000000002, 114)
(7, 13, 15.943230000000002, 114)
(7, 14, 15.943230000000002, 114)
(7, 15, 15.943230000000002, 114)
(7, 16, 15.943230000000002, 114)
(7, 17, 15.943230000000002, 114)
(7, 18, 15.943230000000002, 114)
(7, 19, 15.943230000000002, 114)
(7, 20, 15.943230000000002, 114)
(7, 21, 15.943230000000002, 114)
(7, 22, 15.943230000000002, 114)
(7, 23, 15.943230000000002, 114)
(7, 24, 15.943230000000002, 114)
(7, 25, 15.943230000000002, 114)
(7, 26, 15.943230000000002, 114)
(7, 27, 15.943230000000002, 113)
(7, 28, 15.943230000000002, 113)
(7, 29, 15.943230000000002, 114)
(7, 30, 15.943230000000002, 114)
(8, 2, 14.348907000000002, 114)
(8, 3, 14.348907000000002, 114)
(8, 4, 14.348907000000002, 114)
(8, 5, 14.348907000000002, 114)
(8, 6, 14.348907000000002, 114)
(8, 7, 14.348907000000002, 114)
(8, 8, 14.348907000000002, 114)
(8, 9, 14.348907000000002, 114)
(8, 10, 14.348907000000002, 114)
(8, 11, 14.348907000000002, 114)
(8, 12, 14.348907000000002, 114)
(8, 13, 14.348907000000002, 114)
(8, 14, 14.348907000000002, 114)
(8, 16, 14.348907000000002, 114)
(8, 17, 14.348907000000002, 114)
(8, 18, 14.348907000000002, 114)
(8, 19, 14.348907000000002, 114)
(8, 21, 14.348907000000002, 116)
(8, 22, 14.348907000000002, 116)
(8, 23, 14.348907000000002, 116)
(8, 24, 14.348907000000002, 116)
(8, 25, 14.348907000000002, 116)
(8, 27, 14.348907000000002, 116)
(8, 28, 14.348907000000002, 116)
(8, 29, 14.348907000000002, 116)
(8, 30, 14.348907000000002, 116)
(8, 31, 14.348907000000002, 116)
(8, 32, 14.348907000000002, 116)
(8, 33, 14.348907000000002, 116)
(8, 34, 14.348907000000002, 116)
(9, 1, 12.914016300000002, 116)
(9, 2, 12.914016300000002, 116)
(9, 3, 12.914016300000002, 116)
(9, 4, 12.914016300000002, 116)
(9, 6, 12.914016300000002, 109)
(9, 7, 12.914016300000002, 109)
(9, 8, 12.914016300000002, 109)
(9, 10, 12.914016300000002, 109)
(9, 11, 12.914016300000002, 109)
(9, 12, 12.914016300000002, 109)
(9, 13, 12.914016300000002, 109)
(9, 14, 12.914016300000002, 109)
(9, 15, 12.914016300000002, 109)
(9, 16, 12.914016300000002, 109)
(9, 17, 12.914016300000002, 109)
(9, 18, 12.914016300000002, 119)
(9, 19, 12.914016300000002, 119)
(9, 20, 12.914016300000002, 119)
(9, 21, 12.914016300000002, 119)
(9, 23, 12.914016300000002, 119)
(9, 24, 12.914016300000002, 119)
(9, 25, 12.914016300000002, 119)
(9, 26, 12.914016300000002, 119)
(9, 27, 12.914016300000002, 119)
(9, 28, 12.914016300000002, 119)
(9, 29, 12.914016300000002, 119)
(9, 30, 12.914016300000002, 119)
(9, 31, 12.914016300000002, 119)
(9, 32, 12.914016300000002, 118)
(9, 33, 12.914016300000002, 118)
(10, 1, 11.622614670000003, 118)
(10, 2, 11.622614670000003, 118)
(10, 3, 11.622614670000003, 118)
(10, 4, 11.622614670000003, 118)
(10, 6, 11.622614670000003, 118)
(10, 7, 11.622614670000003, 118)
(10, 8, 11.622614670000003, 118)
(10, 9, 11.622614670000003, 118)
(10, 10, 11.622614670000003, 118)
(10, 12, 11.622614670000003, 118)
(10, 13, 11.622614670000003, 118)
(10, 14, 11.622614670000003, 126)
(10, 15, 11.622614670000003, 126)
(10, 17, 11.622614670000003, 126)
(10, 18, 11.622614670000003, 126)
(10, 19, 11.622614670000003, 126)
(10, 21, 11.622614670000003, 126)
(10, 22, 11.622614670000003, 126)
(10, 23, 11.622614670000003, 126)
(10, 24, 11.622614670000003, 126)
(10, 25, 11.622614670000003, 126)
(10, 26, 11.622614670000003, 126)
(10, 27, 11.622614670000003, 126)
(10, 28, 11.622614670000003, 126)
(10, 29, 11.622614670000003, 126)
(10, 30, 11.622614670000003, 126)
(10, 31, 11.622614670000003, 126)
(10, 32, 11.622614670000003, 126)
(10, 34, 11.622614670000003, 126)
(10, 35, 11.622614670000003, 126)
(11, 1, 10.460353203000002, 126)
(11, 2, 10.460353203000002, 126)
(11, 3, 10.460353203000002, 126)
(11, 4, 10.460353203000002, 126)
(11, 5, 10.460353203000002, 126)
(11, 6, 10.460353203000002, 126)
(11, 7, 10.460353203000002, 126)
(11, 8, 10.460353203000002, 126)
(11, 9, 10.460353203000002, 126)
(11, 10, 10.460353203000002, 126)
(11, 11, 10.460353203000002, 126)
(11, 12, 10.460353203000002, 126)
(11, 13, 10.460353203000002, 126)
(11, 14, 10.460353203000002, 126)
(11, 15, 10.460353203000002, 118)
(11, 16, 10.460353203000002, 32)
(11, 17, 10.460353203000002, 31)
(11, 18, 10.460353203000002, 31)
(11, 19, 10.460353203000002, 31)
(11, 20, 10.460353203000002, 31)
(11, 21, 10.460353203000002, 31)
(11, 22, 10.460353203000002, 31)
(11, 24, 10.460353203000002, 32)
(11, 26, 10.460353203000002, 32)
(11, 27, 10.460353203000002, 32)
(11, 28, 10.460353203000002, 32)
(11, 29, 10.460353203000002, 32)
(11, 30, 10.460353203000002, 32)
(11, 31, 10.460353203000002, 32)
(11, 32, 10.460353203000002, 32)
(12, 1, 9.414317882700002, 32)
(12, 2, 9.414317882700002, 32)
(12, 3, 9.414317882700002, 32)
(12, 4, 9.414317882700002, 32)
(12, 5, 9.414317882700002, 32)
(12, 6, 9.414317882700002, 32)
(12, 9, 9.414317882700002, 32)
(12, 10, 9.414317882700002, 27)
(12, 11, 9.414317882700002, 27)
(12, 12, 9.414317882700002, 27)
(12, 13, 9.414317882700002, 27)
(12, 14, 9.414317882700002, 27)
(12, 15, 9.414317882700002, 27)
(12, 16, 9.414317882700002, 27)
(12, 17, 9.414317882700002, 27)
(12, 18, 9.414317882700002, 27)
(12, 19, 9.414317882700002, 27)
(12, 20, 9.414317882700002, 27)
(12, 21, 9.414317882700002, 27)
(12, 22, 9.414317882700002, 27)
(12, 23, 9.414317882700002, 27)
(12, 24, 9.414317882700002, 27)
(12, 25, 9.414317882700002, 27)
(12, 26, 9.414317882700002, 27)
(12, 27, 9.414317882700002, 27)
(12, 28, 9.414317882700002, 27)
(12, 29, 9.414317882700002, 27)
(12, 30, 9.414317882700002, 27)
(12, 31, 9.414317882700002, 27)
(12, 32, 9.414317882700002, 27)
(13, 1, 8.472886094430002, 27)
(13, 2, 8.472886094430002, 27)
(13, 3, 8.472886094430002, 27)
(13, 4, 8.472886094430002, 27)
(13, 5, 8.472886094430002, 27)
(13, 6, 8.472886094430002, 27)
(13, 7, 8.472886094430002, 27)
(13, 8, 8.472886094430002, 27)
(13, 9, 8.472886094430002, 27)
(13, 10, 8.472886094430002, 27)
(13, 11, 8.472886094430002, 27)
(13, 12, 8.472886094430002, 27)
(13, 13, 8.472886094430002, 27)
(13, 14, 8.472886094430002, 27)
(13, 15, 8.472886094430002, 27)
(13, 16, 8.472886094430002, 27)
(13, 17, 8.472886094430002, 27)
(13, 18, 8.472886094430002, 27)
(13, 19, 8.472886094430002, 27)
(13, 20, 8.472886094430002, 27)
(13, 21, 8.472886094430002, 27)
(13, 22, 8.472886094430002, 27)
(13, 23, 8.472886094430002, 27)
(13, 24, 8.472886094430002, 27)
(13, 25, 8.472886094430002, 27)
(13, 27, 8.472886094430002, 27)
(13, 28, 8.472886094430002, 27)
(13, 29, 8.472886094430002, 27)
(13, 30, 8.472886094430002, 27)
(13, 31, 8.472886094430002, 27)
(14, 1, 7.6255974849870025, 27)
(14, 2, 7.6255974849870025, 27)
(14, 3, 7.6255974849870025, 27)
(14, 4, 7.6255974849870025, 27)
(14, 5, 7.6255974849870025, 27)
(14, 6, 7.6255974849870025, 27)
(14, 7, 7.6255974849870025, 27)
(14, 8, 7.6255974849870025, 27)
(14, 9, 7.6255974849870025, 27)
(14, 10, 7.6255974849870025, 27)
(14, 11, 7.6255974849870025, 27)
(14, 13, 7.6255974849870025, 27)
(14, 14, 7.6255974849870025, 27)
(14, 15, 7.6255974849870025, 27)
(14, 16, 7.6255974849870025, 27)
(14, 17, 7.6255974849870025, 27)
(14, 18, 7.6255974849870025, 27)
(14, 19, 7.6255974849870025, 27)
(14, 20, 7.6255974849870025, 27)
(14, 21, 7.6255974849870025, 27)
(14, 22, 7.6255974849870025, 17)
(14, 23, 7.6255974849870025, 17)
(14, 24, 7.6255974849870025, 17)
(14, 25, 7.6255974849870025, 17)
(14, 26, 7.6255974849870025, 17)
(14, 27, 7.6255974849870025, 17)
(14, 28, 7.6255974849870025, 17)
(14, 29, 7.6255974849870025, 17)
(14, 30, 7.6255974849870025, 17)
(14, 31, 7.6255974849870025, 17)
(15, 2, 6.863037736488303, 17)
(15, 3, 6.863037736488303, 17)
(15, 4, 6.863037736488303, 17)
(15, 6, 6.863037736488303, 17)
(15, 7, 6.863037736488303, 17)
(15, 8, 6.863037736488303, 17)
(15, 9, 6.863037736488303, 17)
(15, 10, 6.863037736488303, 17)
(15, 11, 6.863037736488303, 17)
(15, 12, 6.863037736488303, 17)
(15, 13, 6.863037736488303, 17)
(15, 14, 6.863037736488303, 17)
(15, 15, 6.863037736488303, 17)
(15, 16, 6.863037736488303, 17)
(15, 18, 6.863037736488303, 17)
(15, 19, 6.863037736488303, 17)
(15, 20, 6.863037736488303, 17)
(15, 21, 6.863037736488303, 17)
(15, 22, 6.863037736488303, 17)
(15, 23, 6.863037736488303, 17)
(15, 24, 6.863037736488303, 17)
(15, 26, 6.863037736488303, 17)
(15, 27, 6.863037736488303, 17)
(15, 28, 6.863037736488303, 18)
(15, 29, 6.863037736488303, 18)
(15, 31, 6.863037736488303, 18)
(15, 32, 6.863037736488303, 18)
(15, 33, 6.863037736488303, 18)
(15, 35, 6.863037736488303, 18)
(15, 37, 6.863037736488303, 18)
(16, 1, 6.176733962839473, 18)
(16, 2, 6.176733962839473, 18)
(16, 3, 6.176733962839473, 18)
(16, 4, 6.176733962839473, 18)
(16, 5, 6.176733962839473, 18)
(16, 6, 6.176733962839473, 18)
(16, 7, 6.176733962839473, 18)
(16, 8, 6.176733962839473, 18)
(16, 9, 6.176733962839473, 18)
(16, 10, 6.176733962839473, 18)
(16, 11, 6.176733962839473, 18)
(16, 12, 6.176733962839473, 18)
(16, 13, 6.176733962839473, 18)
(16, 14, 6.176733962839473, 18)
(16, 15, 6.176733962839473, 18)
(16, 16, 6.176733962839473, 18)
(16, 17, 6.176733962839473, 18)
(16, 18, 6.176733962839473, 18)
(16, 20, 6.176733962839473, 18)
(16, 21, 6.176733962839473, 18)
(16, 22, 6.176733962839473, 18)
(16, 23, 6.176733962839473, 18)
(16, 24, 6.176733962839473, 18)
(16, 25, 6.176733962839473, 18)
(16, 26, 6.176733962839473, 18)
(16, 27, 6.176733962839473, 18)
(16, 28, 6.176733962839473, 18)
(16, 29, 6.176733962839473, 18)
(16, 30, 6.176733962839473, 18)
(16, 31, 6.176733962839473, 18)
(17, 1, 5.559060566555526, 18)
(17, 2, 5.559060566555526, 18)
(17, 3, 5.559060566555526, 18)
(17, 4, 5.559060566555526, 18)
(17, 5, 5.559060566555526, 18)
(17, 6, 5.559060566555526, 18)
(17, 7, 5.559060566555526, 18)
(17, 8, 5.559060566555526, 18)
(17, 9, 5.559060566555526, 18)
(17, 10, 5.559060566555526, 18)
(17, 11, 5.559060566555526, 18)
(17, 13, 5.559060566555526, 18)
(17, 14, 5.559060566555526, 18)
(17, 15, 5.559060566555526, 18)
(17, 16, 5.559060566555526, 18)
(17, 18, 5.559060566555526, 18)
(17, 19, 5.559060566555526, 18)
(17, 20, 5.559060566555526, 18)
(17, 21, 5.559060566555526, 18)
(17, 22, 5.559060566555526, 18)
(17, 23, 5.559060566555526, 18)
(17, 24, 5.559060566555526, 18)
(17, 25, 5.559060566555526, 18)
(17, 26, 5.559060566555526, 18)
(17, 27, 5.559060566555526, 18)
(17, 28, 5.559060566555526, 18)
(17, 29, 5.559060566555526, 18)
(17, 30, 5.559060566555526, 18)
(17, 31, 5.559060566555526, 19)
(17, 32, 5.559060566555526, 19)
(18, 1, 5.003154509899973, 19)
(18, 2, 5.003154509899973, 19)
(18, 3, 5.003154509899973, 19)
(18, 4, 5.003154509899973, 19)
(18, 5, 5.003154509899973, 19)
(18, 6, 5.003154509899973, 19)
(18, 7, 5.003154509899973, 20)
(18, 8, 5.003154509899973, 20)
(18, 10, 5.003154509899973, 20)
(18, 11, 5.003154509899973, 20)
(18, 12, 5.003154509899973, 20)
(18, 13, 5.003154509899973, 20)
(18, 14, 5.003154509899973, 20)
(18, 15, 5.003154509899973, 20)
(18, 17, 5.003154509899973, 20)
(18, 18, 5.003154509899973, 20)
(18, 19, 5.003154509899973, 20)
(18, 20, 5.003154509899973, 20)
(18, 22, 5.003154509899973, 20)
(18, 23, 5.003154509899973, 20)
(18, 24, 5.003154509899973, 20)
(18, 25, 5.003154509899973, 20)
(18, 26, 5.003154509899973, 20)
(18, 27, 5.003154509899973, 20)
(18, 28, 5.003154509899973, 19)
(18, 29, 5.003154509899973, 19)
(18, 30, 5.003154509899973, 19)
(18, 31, 5.003154509899973, 19)
(18, 32, 5.003154509899973, 19)
(18, 33, 5.003154509899973, 19)
(19, 1, 4.502839058909976, 19)
(19, 2, 4.502839058909976, 19)
(19, 4, 4.502839058909976, 19)
(19, 5, 4.502839058909976, 19)
(19, 6, 4.502839058909976, 19)
(19, 7, 4.502839058909976, 19)
(19, 8, 4.502839058909976, 19)
(19, 9, 4.502839058909976, 19)
(19, 10, 4.502839058909976, 19)
(19, 11, 4.502839058909976, 19)
(19, 13, 4.502839058909976, 19)
(19, 14, 4.502839058909976, 19)
(19, 16, 4.502839058909976, 19)
(19, 17, 4.502839058909976, 19)
(19, 18, 4.502839058909976, 19)
(19, 19, 4.502839058909976, 18)
(19, 20, 4.502839058909976, 18)
(19, 22, 4.502839058909976, 18)
(19, 23, 4.502839058909976, 18)
(19, 24, 4.502839058909976, 18)
(19, 25, 4.502839058909976, 18)
(19, 26, 4.502839058909976, 18)
(19, 27, 4.502839058909976, 18)
(19, 28, 4.502839058909976, 18)
(19, 29, 4.502839058909976, 18)
(19, 32, 4.502839058909976, 18)
(19, 33, 4.502839058909976, 18)
(19, 34, 4.502839058909976, 18)
(19, 35, 4.502839058909976, 18)
(19, 36, 4.502839058909976, 18)
(20, 1, 4.052555153018979, 18)
(20, 2, 4.052555153018979, 19)
(20, 3, 4.052555153018979, 19)
(20, 4, 4.052555153018979, 19)
(20, 5, 4.052555153018979, 19)
(20, 6, 4.052555153018979, 19)
(20, 7, 4.052555153018979, 19)
(20, 8, 4.052555153018979, 19)
(20, 9, 4.052555153018979, 19)
(20, 10, 4.052555153018979, 19)
(20, 11, 4.052555153018979, 19)
(20, 12, 4.052555153018979, 19)
(20, 13, 4.052555153018979, 19)
(20, 14, 4.052555153018979, 19)
(20, 15, 4.052555153018979, 19)
(20, 16, 4.052555153018979, 19)
(20, 17, 4.052555153018979, 19)
(20, 18, 4.052555153018979, 19)
(20, 19, 4.052555153018979, 19)
(20, 20, 4.052555153018979, 19)
(20, 21, 4.052555153018979, 19)
(20, 24, 4.052555153018979, 19)
(20, 25, 4.052555153018979, 19)
(20, 26, 4.052555153018979, 19)
(20, 27, 4.052555153018979, 19)
(20, 28, 4.052555153018979, 19)
(20, 29, 4.052555153018979, 19)
(20, 30, 4.052555153018979, 19)
(20, 31, 4.052555153018979, 19)
(20, 32, 4.052555153018979, 19)
(21, 1, 3.6472996377170808, 19)
(21, 2, 3.6472996377170808, 19)
(21, 3, 3.6472996377170808, 20)
(21, 4, 3.6472996377170808, 20)
(21, 5, 3.6472996377170808, 20)
(21, 6, 3.6472996377170808, 20)
(21, 7, 3.6472996377170808, 20)
(21, 8, 3.6472996377170808, 20)
(21, 9, 3.6472996377170808, 20)
(21, 12, 3.6472996377170808, 20)
(21, 13, 3.6472996377170808, 20)
(21, 14, 3.6472996377170808, 20)
(21, 15, 3.6472996377170808, 20)
(21, 16, 3.6472996377170808, 20)
(21, 17, 3.6472996377170808, 20)
(21, 18, 3.6472996377170808, 20)
(21, 19, 3.6472996377170808, 19)
(21, 21, 3.6472996377170808, 19)
(21, 22, 3.6472996377170808, 19)
(21, 23, 3.6472996377170808, 19)
(21, 24, 3.6472996377170808, 19)
(21, 25, 3.6472996377170808, 19)
(21, 26, 3.6472996377170808, 19)
(21, 27, 3.6472996377170808, 19)
(21, 28, 3.6472996377170808, 19)
(21, 29, 3.6472996377170808, 19)
(21, 30, 3.6472996377170808, 19)
(21, 31, 3.6472996377170808, 19)
(21, 32, 3.6472996377170808, 19)
(21, 33, 3.6472996377170808, 19)
(22, 1, 3.282569673945373, 19)
(22, 2, 3.282569673945373, 19)
(22, 3, 3.282569673945373, 19)
(22, 4, 3.282569673945373, 19)
(22, 5, 3.282569673945373, 19)
(22, 6, 3.282569673945373, 19)
(22, 7, 3.282569673945373, 19)
(22, 8, 3.282569673945373, 19)
(22, 9, 3.282569673945373, 19)
(22, 12, 3.282569673945373, 19)
(22, 13, 3.282569673945373, 19)
(22, 14, 3.282569673945373, 19)
(22, 15, 3.282569673945373, 19)
(22, 16, 3.282569673945373, 19)
(22, 17, 3.282569673945373, 19)
(22, 18, 3.282569673945373, 19)
(22, 20, 3.282569673945373, 19)
(22, 21, 3.282569673945373, 19)
(22, 22, 3.282569673945373, 19)
(22, 23, 3.282569673945373, 19)
(22, 24, 3.282569673945373, 19)
(22, 25, 3.282569673945373, 19)
(22, 26, 3.282569673945373, 19)
(22, 27, 3.282569673945373, 19)
(22, 28, 3.282569673945373, 19)
(22, 29, 3.282569673945373, 19)
(22, 30, 3.282569673945373, 19)
(22, 31, 3.282569673945373, 19)
(22, 32, 3.282569673945373, 19)
(22, 33, 3.282569673945373, 19)
(23, 1, 2.954312706550836, 19)
(23, 2, 2.954312706550836, 19)
(23, 3, 2.954312706550836, 19)
(23, 5, 2.954312706550836, 19)
(23, 6, 2.954312706550836, 19)
(23, 7, 2.954312706550836, 19)
(23, 8, 2.954312706550836, 19)
(23, 9, 2.954312706550836, 19)
(23, 10, 2.954312706550836, 19)
(23, 13, 2.954312706550836, 19)
(23, 14, 2.954312706550836, 19)
(23, 15, 2.954312706550836, 19)
(23, 16, 2.954312706550836, 19)
(23, 17, 2.954312706550836, 19)
(23, 18, 2.954312706550836, 19)
(23, 20, 2.954312706550836, 23)
(23, 21, 2.954312706550836, 23)
(23, 22, 2.954312706550836, 23)
(23, 23, 2.954312706550836, 23)
(23, 24, 2.954312706550836, 23)
(23, 25, 2.954312706550836, 23)
(23, 26, 2.954312706550836, 23)
(23, 27, 2.954312706550836, 23)
(23, 28, 2.954312706550836, 23)
(23, 29, 2.954312706550836, 23)
(23, 30, 2.954312706550836, 23)
(23, 31, 2.954312706550836, 23)
(23, 32, 2.954312706550836, 23)
(23, 33, 2.954312706550836, 23)
(23, 34, 2.954312706550836, 23)
(24, 1, 2.6588814358957524, 23)
(24, 2, 2.6588814358957524, 23)
(24, 3, 2.6588814358957524, 23)
(24, 4, 2.6588814358957524, 23)
(24, 5, 2.6588814358957524, 23)
(24, 6, 2.6588814358957524, 23)
(24, 8, 2.6588814358957524, 23)
(24, 9, 2.6588814358957524, 23)
(24, 10, 2.6588814358957524, 23)
(24, 11, 2.6588814358957524, 23)
(24, 13, 2.6588814358957524, 23)
(24, 14, 2.6588814358957524, 23)
(24, 15, 2.6588814358957524, 23)
(24, 16, 2.6588814358957524, 23)
(24, 17, 2.6588814358957524, 23)
(24, 18, 2.6588814358957524, 23)
(24, 19, 2.6588814358957524, 23)
(24, 20, 2.6588814358957524, 23)
(24, 21, 2.6588814358957524, 23)
(24, 22, 2.6588814358957524, 23)
(24, 23, 2.6588814358957524, 23)
(24, 24, 2.6588814358957524, 23)
(24, 26, 2.6588814358957524, 23)
(24, 27, 2.6588814358957524, 23)
(24, 28, 2.6588814358957524, 23)
(24, 29, 2.6588814358957524, 23)
(24, 30, 2.6588814358957524, 23)
(24, 31, 2.6588814358957524, 23)
(24, 32, 2.6588814358957524, 23)
(24, 33, 2.6588814358957524, 20)
(25, 1, 2.392993292306177, 20)
(25, 2, 2.392993292306177, 20)
(25, 3, 2.392993292306177, 20)
(25, 4, 2.392993292306177, 20)
(25, 5, 2.392993292306177, 20)
(25, 6, 2.392993292306177, 20)
(25, 7, 2.392993292306177, 20)
(25, 8, 2.392993292306177, 20)
(25, 9, 2.392993292306177, 20)
(25, 11, 2.392993292306177, 20)
(25, 12, 2.392993292306177, 20)
(25, 13, 2.392993292306177, 20)
(25, 14, 2.392993292306177, 20)
(25, 15, 2.392993292306177, 20)
(25, 16, 2.392993292306177, 20)
(25, 17, 2.392993292306177, 20)
(25, 18, 2.392993292306177, 20)
(25, 20, 2.392993292306177, 15)
(25, 21, 2.392993292306177, 15)
(25, 22, 2.392993292306177, 15)
(25, 23, 2.392993292306177, 15)
(25, 24, 2.392993292306177, 15)
(25, 25, 2.392993292306177, 15)
(25, 26, 2.392993292306177, 15)
(25, 27, 2.392993292306177, 15)
(25, 28, 2.392993292306177, 15)
(25, 29, 2.392993292306177, 15)
(25, 30, 2.392993292306177, 15)
(25, 31, 2.392993292306177, 15)
(25, 32, 2.392993292306177, 15)
(26, 1, 2.1536939630755594, 15)
(26, 2, 2.1536939630755594, 15)
(26, 5, 2.1536939630755594, 15)
(26, 6, 2.1536939630755594, 15)
(26, 7, 2.1536939630755594, 15)
(26, 8, 2.1536939630755594, 15)
(26, 9, 2.1536939630755594, 15)
(26, 10, 2.1536939630755594, 15)
(26, 11, 2.1536939630755594, 15)
(26, 12, 2.1536939630755594, 15)
(26, 13, 2.1536939630755594, 15)
(26, 14, 2.1536939630755594, 15)
(26, 15, 2.1536939630755594, 15)
(26, 16, 2.1536939630755594, 15)
(26, 17, 2.1536939630755594, 15)
(26, 18, 2.1536939630755594, 15)
(26, 19, 2.1536939630755594, 15)
(26, 20, 2.1536939630755594, 15)
(26, 21, 2.1536939630755594, 15)
(26, 22, 2.1536939630755594, 15)
(26, 23, 2.1536939630755594, 15)
(26, 24, 2.1536939630755594, 15)
(26, 25, 2.1536939630755594, 15)
(26, 26, 2.1536939630755594, 15)
(26, 27, 2.1536939630755594, 15)
(26, 28, 2.1536939630755594, 15)
(26, 29, 2.1536939630755594, 15)
(26, 30, 2.1536939630755594, 15)
(26, 31, 2.1536939630755594, 15)
(26, 32, 2.1536939630755594, 15)
(27, 1, 1.9383245667680036, 15)
(27, 2, 1.9383245667680036, 15)
(27, 3, 1.9383245667680036, 15)
(27, 4, 1.9383245667680036, 15)
(27, 6, 1.9383245667680036, 15)
(27, 7, 1.9383245667680036, 15)
(27, 8, 1.9383245667680036, 15)
(27, 9, 1.9383245667680036, 15)
(27, 10, 1.9383245667680036, 15)
(27, 11, 1.9383245667680036, 15)
(27, 12, 1.9383245667680036, 15)
(27, 14, 1.9383245667680036, 15)
(27, 15, 1.9383245667680036, 15)
(27, 16, 1.9383245667680036, 15)
(27, 17, 1.9383245667680036, 15)
(27, 18, 1.9383245667680036, 15)
(27, 19, 1.9383245667680036, 15)
(27, 20, 1.9383245667680036, 15)
(27, 21, 1.9383245667680036, 15)
(27, 22, 1.9383245667680036, 15)
(27, 23, 1.9383245667680036, 15)
(27, 24, 1.9383245667680036, 15)
(27, 25, 1.9383245667680036, 15)
(27, 26, 1.9383245667680036, 15)
(27, 27, 1.9383245667680036, 15)
(27, 28, 1.9383245667680036, 15)
(27, 29, 1.9383245667680036, 15)
(27, 31, 1.9383245667680036, 15)
(27, 33, 1.9383245667680036, 15)
(27, 34, 1.9383245667680036, 15)
(28, 1, 1.7444921100912032, 15)
(28, 2, 1.7444921100912032, 15)
(28, 3, 1.7444921100912032, 15)
(28, 4, 1.7444921100912032, 15)
(28, 5, 1.7444921100912032, 15)
(28, 6, 1.7444921100912032, 15)
(28, 7, 1.7444921100912032, 15)
(28, 8, 1.7444921100912032, 15)
(28, 9, 1.7444921100912032, 15)
(28, 10, 1.7444921100912032, 15)
(28, 11, 1.7444921100912032, 15)
(28, 12, 1.7444921100912032, 15)
(28, 14, 1.7444921100912032, 15)
(28, 15, 1.7444921100912032, 15)
(28, 16, 1.7444921100912032, 15)
(28, 17, 1.7444921100912032, 15)
(28, 18, 1.7444921100912032, 17)
(28, 19, 1.7444921100912032, 17)
(28, 20, 1.7444921100912032, 17)
(28, 21, 1.7444921100912032, 17)
(28, 22, 1.7444921100912032, 17)
(28, 23, 1.7444921100912032, 17)
(28, 24, 1.7444921100912032, 17)
(28, 25, 1.7444921100912032, 17)
(28, 26, 1.7444921100912032, 17)
(28, 27, 1.7444921100912032, 17)
(28, 28, 1.7444921100912032, 17)
(28, 29, 1.7444921100912032, 17)
(28, 30, 1.7444921100912032, 17)
(28, 31, 1.7444921100912032, 17)
(29, 1, 1.570042899082083, 17)
(29, 2, 1.570042899082083, 17)
(29, 4, 1.570042899082083, 17)
(29, 5, 1.570042899082083, 17)
(29, 6, 1.570042899082083, 17)
(29, 7, 1.570042899082083, 17)
(29, 8, 1.570042899082083, 17)
(29, 9, 1.570042899082083, 17)
(29, 10, 1.570042899082083, 17)
(29, 11, 1.570042899082083, 17)
(29, 12, 1.570042899082083, 17)
(29, 13, 1.570042899082083, 17)
(29, 14, 1.570042899082083, 17)
(29, 15, 1.570042899082083, 17)
(29, 17, 1.570042899082083, 17)
(29, 18, 1.570042899082083, 17)
(29, 19, 1.570042899082083, 17)
(29, 20, 1.570042899082083, 17)
(29, 21, 1.570042899082083, 17)
(29, 22, 1.570042899082083, 17)
(29, 23, 1.570042899082083, 17)
(29, 24, 1.570042899082083, 17)
(29, 25, 1.570042899082083, 17)
(29, 26, 1.570042899082083, 17)
(29, 27, 1.570042899082083, 17)
(29, 28, 1.570042899082083, 17)
(29, 29, 1.570042899082083, 17)
(29, 30, 1.570042899082083, 17)
(29, 31, 1.570042899082083, 17)
(29, 32, 1.570042899082083, 17)
(30, 1, 1.4130386091738747, 17)
(30, 2, 1.4130386091738747, 17)
(30, 3, 1.4130386091738747, 17)
(30, 4, 1.4130386091738747, 17)
(30, 5, 1.4130386091738747, 17)
(30, 6, 1.4130386091738747, 17)
(30, 8, 1.4130386091738747, 17)
(30, 9, 1.4130386091738747, 17)
(30, 10, 1.4130386091738747, 17)
(30, 11, 1.4130386091738747, 17)
(30, 12, 1.4130386091738747, 17)
(30, 13, 1.4130386091738747, 17)
(30, 14, 1.4130386091738747, 17)
(30, 15, 1.4130386091738747, 17)
(30, 16, 1.4130386091738747, 17)
(30, 18, 1.4130386091738747, 17)
(30, 19, 1.4130386091738747, 17)
(30, 20, 1.4130386091738747, 17)
(30, 22, 1.4130386091738747, 17)
(30, 23, 1.4130386091738747, 17)
(30, 24, 1.4130386091738747, 17)
(30, 25, 1.4130386091738747, 17)
(30, 26, 1.4130386091738747, 17)
(30, 27, 1.4130386091738747, 17)
(30, 28, 1.4130386091738747, 17)
(30, 29, 1.4130386091738747, 17)
(30, 30, 1.4130386091738747, 17)
(30, 32, 1.4130386091738747, 17)
(30, 33, 1.4130386091738747, 17)
(30, 36, 1.4130386091738747, 17)
(31, 1, 1.2717347482564874, 17)
(31, 2, 1.2717347482564874, 17)
(31, 4, 1.2717347482564874, 17)
(31, 5, 1.2717347482564874, 17)
(31, 7, 1.2717347482564874, 17)
(31, 8, 1.2717347482564874, 17)
(31, 9, 1.2717347482564874, 17)
(31, 10, 1.2717347482564874, 17)
(31, 11, 1.2717347482564874, 17)
(31, 12, 1.2717347482564874, 17)
(31, 13, 1.2717347482564874, 17)
(31, 14, 1.2717347482564874, 17)
(31, 15, 1.2717347482564874, 17)
(31, 17, 1.2717347482564874, 17)
(31, 18, 1.2717347482564874, 17)
(31, 20, 1.2717347482564874, 17)
(31, 21, 1.2717347482564874, 17)
(31, 22, 1.2717347482564874, 17)
(31, 23, 1.2717347482564874, 17)
(31, 24, 1.2717347482564874, 17)
(31, 25, 1.2717347482564874, 17)
(31, 26, 1.2717347482564874, 17)
(31, 27, 1.2717347482564874, 17)
(31, 28, 1.2717347482564874, 17)
(31, 29, 1.2717347482564874, 17)
(31, 30, 1.2717347482564874, 17)
(31, 31, 1.2717347482564874, 17)
(31, 32, 1.2717347482564874, 17)
(31, 33, 1.2717347482564874, 17)
(31, 34, 1.2717347482564874, 17)
(32, 1, 1.1445612734308386, 17)
(32, 2, 1.1445612734308386, 17)
(32, 3, 1.1445612734308386, 17)
(32, 4, 1.1445612734308386, 17)
(32, 5, 1.1445612734308386, 17)
(32, 6, 1.1445612734308386, 17)
(32, 7, 1.1445612734308386, 17)
(32, 8, 1.1445612734308386, 17)
(32, 9, 1.1445612734308386, 17)
(32, 10, 1.1445612734308386, 17)
(32, 11, 1.1445612734308386, 17)
(32, 12, 1.1445612734308386, 17)
(32, 13, 1.1445612734308386, 17)
(32, 14, 1.1445612734308386, 17)
(32, 15, 1.1445612734308386, 17)
(32, 16, 1.1445612734308386, 17)
(32, 17, 1.1445612734308386, 17)
(32, 18, 1.1445612734308386, 17)
(32, 19, 1.1445612734308386, 17)
(32, 20, 1.1445612734308386, 17)
(32, 21, 1.1445612734308386, 17)
(32, 23, 1.1445612734308386, 17)
(32, 24, 1.1445612734308386, 17)
(32, 25, 1.1445612734308386, 17)
(32, 26, 1.1445612734308386, 17)
(32, 27, 1.1445612734308386, 17)
(32, 28, 1.1445612734308386, 17)
(32, 29, 1.1445612734308386, 17)
(32, 30, 1.1445612734308386, 17)
(32, 31, 1.1445612734308386, 17)
(33, 1, 1.0301051460877548, 17)
(33, 3, 1.0301051460877548, 17)
(33, 4, 1.0301051460877548, 17)
(33, 5, 1.0301051460877548, 17)
(33, 6, 1.0301051460877548, 17)
(33, 7, 1.0301051460877548, 17)
(33, 8, 1.0301051460877548, 17)
(33, 10, 1.0301051460877548, 17)
(33, 11, 1.0301051460877548, 17)
(33, 12, 1.0301051460877548, 17)
(33, 13, 1.0301051460877548, 17)
(33, 14, 1.0301051460877548, 17)
(33, 15, 1.0301051460877548, 17)
(33, 16, 1.0301051460877548, 17)
(33, 17, 1.0301051460877548, 17)
(33, 18, 1.0301051460877548, 17)
(33, 19, 1.0301051460877548, 17)
(33, 20, 1.0301051460877548, 17)
(33, 21, 1.0301051460877548, 17)
(33, 23, 1.0301051460877548, 17)
(33, 24, 1.0301051460877548, 17)
(33, 25, 1.0301051460877548, 17)
(33, 26, 1.0301051460877548, 17)
(33, 27, 1.0301051460877548, 17)
(33, 28, 1.0301051460877548, 17)
(33, 29, 1.0301051460877548, 17)
(33, 30, 1.0301051460877548, 17)
(33, 31, 1.0301051460877548, 17)
(33, 33, 1.0301051460877548, 17)
(33, 34, 1.0301051460877548, 17)
(34, 1, 0.9270946314789794, 17)
(34, 2, 0.9270946314789794, 17)
(34, 3, 0.9270946314789794, 17)
(34, 4, 0.9270946314789794, 17)
(34, 5, 0.9270946314789794, 17)
(34, 6, 0.9270946314789794, 17)
(34, 7, 0.9270946314789794, 17)
(34, 9, 0.9270946314789794, 17)
(34, 11, 0.9270946314789794, 17)
(34, 12, 0.9270946314789794, 17)
(34, 13, 0.9270946314789794, 17)
(34, 14, 0.9270946314789794, 17)
(34, 15, 0.9270946314789794, 17)
(34, 16, 0.9270946314789794, 17)
(34, 17, 0.9270946314789794, 17)
(34, 18, 0.9270946314789794, 17)
(34, 20, 0.9270946314789794, 17)
(34, 22, 0.9270946314789794, 17)
(34, 23, 0.9270946314789794, 17)
(34, 24, 0.9270946314789794, 17)
(34, 25, 0.9270946314789794, 17)
(34, 26, 0.9270946314789794, 17)
(34, 27, 0.9270946314789794, 17)
(34, 28, 0.9270946314789794, 17)
(34, 29, 0.9270946314789794, 17)
(34, 31, 0.9270946314789794, 17)
(34, 32, 0.9270946314789794, 17)
(34, 33, 0.9270946314789794, 17)
(34, 34, 0.9270946314789794, 17)
(34, 36, 0.9270946314789794, 17)
(35, 2, 0.8343851683310815, 17)
(35, 3, 0.8343851683310815, 17)
(35, 4, 0.8343851683310815, 17)
(35, 5, 0.8343851683310815, 17)
(35, 6, 0.8343851683310815, 16)
(35, 7, 0.8343851683310815, 16)
(35, 8, 0.8343851683310815, 16)
(35, 10, 0.8343851683310815, 16)
(35, 11, 0.8343851683310815, 16)
(35, 12, 0.8343851683310815, 16)
(35, 13, 0.8343851683310815, 16)
(35, 14, 0.8343851683310815, 16)
(35, 15, 0.8343851683310815, 16)
(35, 16, 0.8343851683310815, 16)
(35, 17, 0.8343851683310815, 16)
(35, 18, 0.8343851683310815, 16)
(35, 20, 0.8343851683310815, 16)
(35, 21, 0.8343851683310815, 16)
(35, 22, 0.8343851683310815, 16)
(35, 24, 0.8343851683310815, 16)
(35, 25, 0.8343851683310815, 16)
(35, 26, 0.8343851683310815, 16)
(35, 27, 0.8343851683310815, 16)
(35, 28, 0.8343851683310815, 16)
(35, 29, 0.8343851683310815, 16)
(35, 30, 0.8343851683310815, 16)
(35, 31, 0.8343851683310815, 16)
(35, 32, 0.8343851683310815, 16)
(35, 34, 0.8343851683310815, 16)
(35, 35, 0.8343851683310815, 16)
(36, 1, 0.7509466514979733, 16)
(36, 2, 0.7509466514979733, 16)
(36, 3, 0.7509466514979733, 16)
(36, 4, 0.7509466514979733, 16)
(36, 5, 0.7509466514979733, 16)
(36, 6, 0.7509466514979733, 16)
(36, 7, 0.7509466514979733, 16)
(36, 8, 0.7509466514979733, 16)
(36, 9, 0.7509466514979733, 16)
(36, 10, 0.7509466514979733, 16)
(36, 11, 0.7509466514979733, 16)
(36, 12, 0.7509466514979733, 16)
(36, 13, 0.7509466514979733, 16)
(36, 14, 0.7509466514979733, 16)
(36, 15, 0.7509466514979733, 16)
(36, 16, 0.7509466514979733, 16)
(36, 17, 0.7509466514979733, 16)
(36, 18, 0.7509466514979733, 16)
(36, 19, 0.7509466514979733, 16)
(36, 20, 0.7509466514979733, 16)
(36, 21, 0.7509466514979733, 16)
(36, 22, 0.7509466514979733, 16)
(36, 24, 0.7509466514979733, 16)
(36, 25, 0.7509466514979733, 16)
(36, 26, 0.7509466514979733, 16)
(36, 27, 0.7509466514979733, 16)
(36, 28, 0.7509466514979733, 16)
(36, 29, 0.7509466514979733, 16)
(36, 30, 0.7509466514979733, 16)
(36, 31, 0.7509466514979733, 16)
(37, 2, 0.675851986348176, 16)
(37, 3, 0.675851986348176, 16)
(37, 4, 0.675851986348176, 16)
(37, 5, 0.675851986348176, 16)
(37, 6, 0.675851986348176, 16)
(37, 7, 0.675851986348176, 16)
(37, 8, 0.675851986348176, 16)
(37, 9, 0.675851986348176, 16)
(37, 10, 0.675851986348176, 16)
(37, 11, 0.675851986348176, 16)
(37, 14, 0.675851986348176, 16)
(37, 15, 0.675851986348176, 16)
(37, 16, 0.675851986348176, 16)
(37, 17, 0.675851986348176, 16)
(37, 18, 0.675851986348176, 16)
(37, 19, 0.675851986348176, 16)
(37, 22, 0.675851986348176, 17)
(37, 23, 0.675851986348176, 17)
(37, 24, 0.675851986348176, 17)
(37, 25, 0.675851986348176, 17)
(37, 26, 0.675851986348176, 17)
(37, 28, 0.675851986348176, 17)
(37, 29, 0.675851986348176, 17)
(37, 30, 0.675851986348176, 17)
(37, 31, 0.675851986348176, 17)
(37, 32, 0.675851986348176, 17)
(37, 33, 0.675851986348176, 17)
(37, 34, 0.675851986348176, 17)
(37, 35, 0.675851986348176, 17)
(37, 36, 0.675851986348176, 17)
(38, 2, 0.6082667877133584, 17)
(38, 3, 0.6082667877133584, 17)
(38, 4, 0.6082667877133584, 17)
(38, 5, 0.6082667877133584, 17)
(38, 6, 0.6082667877133584, 17)
(38, 7, 0.6082667877133584, 17)
(38, 8, 0.6082667877133584, 17)
(38, 9, 0.6082667877133584, 17)
(38, 10, 0.6082667877133584, 17)
(38, 11, 0.6082667877133584, 17)
(38, 12, 0.6082667877133584, 17)
(38, 13, 0.6082667877133584, 17)
(38, 14, 0.6082667877133584, 17)
(38, 15, 0.6082667877133584, 17)
(38, 16, 0.6082667877133584, 17)
(38, 18, 0.6082667877133584, 17)
(38, 19, 0.6082667877133584, 17)
(38, 20, 0.6082667877133584, 17)
(38, 21, 0.6082667877133584, 17)
(38, 23, 0.6082667877133584, 17)
(38, 24, 0.6082667877133584, 17)
(38, 25, 0.6082667877133584, 17)
(38, 26, 0.6082667877133584, 17)
(38, 27, 0.6082667877133584, 17)
(38, 28, 0.6082667877133584, 17)
(38, 29, 0.6082667877133584, 17)
(38, 31, 0.6082667877133584, 17)
(38, 32, 0.6082667877133584, 17)
(38, 33, 0.6082667877133584, 17)
(38, 34, 0.6082667877133584, 17)
(39, 1, 0.5474401089420226, 17)
(39, 2, 0.5474401089420226, 17)
(39, 3, 0.5474401089420226, 17)
(39, 4, 0.5474401089420226, 16)
(39, 6, 0.5474401089420226, 16)
(39, 7, 0.5474401089420226, 16)
(39, 8, 0.5474401089420226, 16)
(39, 9, 0.5474401089420226, 16)
(39, 10, 0.5474401089420226, 16)
(39, 11, 0.5474401089420226, 16)
(39, 12, 0.5474401089420226, 16)
(39, 13, 0.5474401089420226, 16)
(39, 14, 0.5474401089420226, 16)
(39, 15, 0.5474401089420226, 16)
(39, 16, 0.5474401089420226, 16)
(39, 17, 0.5474401089420226, 16)
(39, 18, 0.5474401089420226, 16)
(39, 19, 0.5474401089420226, 16)
(39, 20, 0.5474401089420226, 16)
(39, 21, 0.5474401089420226, 16)
(39, 22, 0.5474401089420226, 16)
(39, 23, 0.5474401089420226, 16)
(39, 24, 0.5474401089420226, 16)
(39, 26, 0.5474401089420226, 16)
(39, 27, 0.5474401089420226, 16)
(39, 28, 0.5474401089420226, 16)
(39, 29, 0.5474401089420226, 16)
(39, 31, 0.5474401089420226, 16)
(39, 32, 0.5474401089420226, 16)
(39, 33, 0.5474401089420226, 16)
(40, 1, 0.49269609804782033, 16)
(40, 2, 0.49269609804782033, 16)
(40, 3, 0.49269609804782033, 16)
(40, 4, 0.49269609804782033, 16)
(40, 5, 0.49269609804782033, 16)
(40, 6, 0.49269609804782033, 16)
(40, 7, 0.49269609804782033, 16)
(40, 8, 0.49269609804782033, 16)
(40, 9, 0.49269609804782033, 16)
(40, 10, 0.49269609804782033, 16)
(40, 11, 0.49269609804782033, 16)
(40, 12, 0.49269609804782033, 16)
(40, 14, 0.49269609804782033, 16)
(40, 15, 0.49269609804782033, 16)
(40, 16, 0.49269609804782033, 16)
(40, 17, 0.49269609804782033, 16)
(40, 18, 0.49269609804782033, 16)
(40, 19, 0.49269609804782033, 16)
(40, 20, 0.49269609804782033, 16)
(40, 21, 0.49269609804782033, 16)
(40, 22, 0.49269609804782033, 16)
(40, 23, 0.49269609804782033, 16)
(40, 24, 0.49269609804782033, 16)
(40, 25, 0.49269609804782033, 16)
(40, 26, 0.49269609804782033, 16)
(40, 27, 0.49269609804782033, 16)
(40, 28, 0.49269609804782033, 16)
(40, 29, 0.49269609804782033, 16)
(40, 30, 0.49269609804782033, 16)
(40, 31, 0.49269609804782033, 16)
(41, 1, 0.4434264882430383, 16)
(41, 4, 0.4434264882430383, 16)
(41, 5, 0.4434264882430383, 16)
(41, 6, 0.4434264882430383, 16)
(41, 8, 0.4434264882430383, 16)
(41, 9, 0.4434264882430383, 16)
(41, 10, 0.4434264882430383, 16)
(41, 11, 0.4434264882430383, 16)
(41, 12, 0.4434264882430383, 16)
(41, 13, 0.4434264882430383, 16)
(41, 14, 0.4434264882430383, 16)
(41, 15, 0.4434264882430383, 16)
(41, 16, 0.4434264882430383, 16)
(41, 17, 0.4434264882430383, 16)
(41, 18, 0.4434264882430383, 16)
(41, 20, 0.4434264882430383, 16)
(41, 21, 0.4434264882430383, 16)
(41, 23, 0.4434264882430383, 16)
(41, 24, 0.4434264882430383, 16)
(41, 25, 0.4434264882430383, 16)
(41, 26, 0.4434264882430383, 16)
(41, 27, 0.4434264882430383, 16)
(41, 30, 0.4434264882430383, 16)
(41, 32, 0.4434264882430383, 16)
(41, 33, 0.4434264882430383, 16)
(41, 34, 0.4434264882430383, 16)
(41, 35, 0.4434264882430383, 16)
(41, 36, 0.4434264882430383, 16)
(41, 37, 0.4434264882430383, 16)
(41, 38, 0.4434264882430383, 16)
(42, 1, 0.3990838394187345, 16)
(42, 2, 0.3990838394187345, 16)
(42, 4, 0.3990838394187345, 16)
(42, 5, 0.3990838394187345, 16)
(42, 6, 0.3990838394187345, 16)
(42, 7, 0.3990838394187345, 16)
(42, 8, 0.3990838394187345, 16)
(42, 9, 0.3990838394187345, 16)
(42, 10, 0.3990838394187345, 16)
(42, 13, 0.3990838394187345, 16)
(42, 14, 0.3990838394187345, 16)
(42, 15, 0.3990838394187345, 16)
(42, 16, 0.3990838394187345, 16)
(42, 17, 0.3990838394187345, 16)
(42, 18, 0.3990838394187345, 16)
(42, 19, 0.3990838394187345, 16)
(42, 20, 0.3990838394187345, 16)
(42, 21, 0.3990838394187345, 16)
(42, 22, 0.3990838394187345, 16)
(42, 23, 0.3990838394187345, 16)
(42, 24, 0.3990838394187345, 16)
(42, 25, 0.3990838394187345, 16)
(42, 26, 0.3990838394187345, 16)
(42, 27, 0.3990838394187345, 16)
(42, 28, 0.3990838394187345, 16)
(42, 30, 0.3990838394187345, 16)
(42, 31, 0.3990838394187345, 16)
(42, 32, 0.3990838394187345, 16)
(42, 33, 0.3990838394187345, 16)
(42, 34, 0.3990838394187345, 16)
(43, 1, 0.359175455476861, 16)
(43, 2, 0.359175455476861, 16)
(43, 3, 0.359175455476861, 16)
(43, 4, 0.359175455476861, 16)
(43, 5, 0.359175455476861, 16)
(43, 6, 0.359175455476861, 16)
(43, 8, 0.359175455476861, 16)
(43, 9, 0.359175455476861, 16)
(43, 10, 0.359175455476861, 16)
(43, 11, 0.359175455476861, 16)
(43, 12, 0.359175455476861, 16)
(43, 13, 0.359175455476861, 16)
(43, 14, 0.359175455476861, 16)
(43, 15, 0.359175455476861, 16)
(43, 16, 0.359175455476861, 16)
(43, 17, 0.359175455476861, 16)
(43, 18, 0.359175455476861, 16)
(43, 19, 0.359175455476861, 16)
(43, 20, 0.359175455476861, 16)
(43, 21, 0.359175455476861, 16)
(43, 22, 0.359175455476861, 16)
(43, 23, 0.359175455476861, 16)
(43, 24, 0.359175455476861, 16)
(43, 25, 0.359175455476861, 16)
(43, 26, 0.359175455476861, 16)
(43, 27, 0.359175455476861, 16)
(43, 28, 0.359175455476861, 16)
(43, 29, 0.359175455476861, 16)
(43, 30, 0.359175455476861, 16)
(43, 31, 0.359175455476861, 16)
(44, 1, 0.3232579099291749, 16)
(44, 2, 0.3232579099291749, 16)
(44, 3, 0.3232579099291749, 16)
(44, 4, 0.3232579099291749, 16)
(44, 5, 0.3232579099291749, 16)
(44, 6, 0.3232579099291749, 16)
(44, 7, 0.3232579099291749, 16)
(44, 8, 0.3232579099291749, 16)
(44, 9, 0.3232579099291749, 16)
(44, 10, 0.3232579099291749, 16)
(44, 11, 0.3232579099291749, 16)
(44, 12, 0.3232579099291749, 16)
(44, 13, 0.3232579099291749, 16)
(44, 14, 0.3232579099291749, 16)
(44, 15, 0.3232579099291749, 16)
(44, 16, 0.3232579099291749, 16)
(44, 17, 0.3232579099291749, 16)
(44, 18, 0.3232579099291749, 16)
(44, 19, 0.3232579099291749, 16)
(44, 20, 0.3232579099291749, 16)
(44, 21, 0.3232579099291749, 16)
(44, 22, 0.3232579099291749, 16)
(44, 24, 0.3232579099291749, 16)
(44, 25, 0.3232579099291749, 16)
(44, 26, 0.3232579099291749, 16)
(44, 27, 0.3232579099291749, 16)
(44, 28, 0.3232579099291749, 16)
(44, 30, 0.3232579099291749, 16)
(44, 31, 0.3232579099291749, 16)
(44, 32, 0.3232579099291749, 16)
(45, 1, 0.2909321189362574, 16)
(45, 2, 0.2909321189362574, 16)
(45, 3, 0.2909321189362574, 16)
(45, 4, 0.2909321189362574, 16)
(45, 5, 0.2909321189362574, 16)
(45, 7, 0.2909321189362574, 16)
(45, 8, 0.2909321189362574, 16)
(45, 9, 0.2909321189362574, 16)
(45, 10, 0.2909321189362574, 16)
(45, 11, 0.2909321189362574, 16)
(45, 12, 0.2909321189362574, 16)
(45, 13, 0.2909321189362574, 16)
(45, 14, 0.2909321189362574, 16)
(45, 16, 0.2909321189362574, 16)
(45, 17, 0.2909321189362574, 16)
(45, 18, 0.2909321189362574, 16)
(45, 19, 0.2909321189362574, 16)
(45, 22, 0.2909321189362574, 16)
(45, 23, 0.2909321189362574, 16)
(45, 25, 0.2909321189362574, 16)
(45, 27, 0.2909321189362574, 16)
(45, 28, 0.2909321189362574, 16)
(45, 29, 0.2909321189362574, 16)
(45, 30, 0.2909321189362574, 16)
(45, 31, 0.2909321189362574, 16)
(45, 32, 0.2909321189362574, 16)
(45, 33, 0.2909321189362574, 16)
(45, 35, 0.2909321189362574, 16)
(45, 36, 0.2909321189362574, 16)
(45, 37, 0.2909321189362574, 16)
(46, 1, 0.2618389070426317, 16)
(46, 2, 0.2618389070426317, 16)
(46, 4, 0.2618389070426317, 16)
(46, 5, 0.2618389070426317, 16)
(46, 6, 0.2618389070426317, 16)
(46, 7, 0.2618389070426317, 16)
(46, 8, 0.2618389070426317, 16)
(46, 9, 0.2618389070426317, 16)
(46, 10, 0.2618389070426317, 16)
(46, 12, 0.2618389070426317, 16)
(46, 13, 0.2618389070426317, 16)
(46, 14, 0.2618389070426317, 16)
(46, 15, 0.2618389070426317, 16)
(46, 16, 0.2618389070426317, 16)
(46, 18, 0.2618389070426317, 16)
(46, 19, 0.2618389070426317, 16)
(46, 20, 0.2618389070426317, 16)
(46, 21, 0.2618389070426317, 16)
(46, 22, 0.2618389070426317, 16)
(46, 23, 0.2618389070426317, 16)
(46, 24, 0.2618389070426317, 16)
(46, 25, 0.2618389070426317, 16)
(46, 26, 0.2618389070426317, 16)
(46, 27, 0.2618389070426317, 16)
(46, 28, 0.2618389070426317, 16)
(46, 29, 0.2618389070426317, 16)
(46, 30, 0.2618389070426317, 16)
(46, 31, 0.2618389070426317, 16)
(46, 32, 0.2618389070426317, 16)
(46, 34, 0.2618389070426317, 16)
(47, 1, 0.23565501633836852, 16)
(47, 2, 0.23565501633836852, 16)
(47, 3, 0.23565501633836852, 16)
(47, 4, 0.23565501633836852, 16)
(47, 5, 0.23565501633836852, 16)
(47, 6, 0.23565501633836852, 16)
(47, 7, 0.23565501633836852, 16)
(47, 8, 0.23565501633836852, 16)
(47, 9, 0.23565501633836852, 16)
(47, 10, 0.23565501633836852, 16)
(47, 11, 0.23565501633836852, 16)
(47, 13, 0.23565501633836852, 16)
(47, 14, 0.23565501633836852, 16)
(47, 15, 0.23565501633836852, 16)
(47, 16, 0.23565501633836852, 16)
(47, 17, 0.23565501633836852, 16)
(47, 18, 0.23565501633836852, 16)
(47, 19, 0.23565501633836852, 16)
(47, 20, 0.23565501633836852, 16)
(47, 21, 0.23565501633836852, 16)
(47, 22, 0.23565501633836852, 16)
(47, 23, 0.23565501633836852, 16)
(47, 24, 0.23565501633836852, 16)
(47, 25, 0.23565501633836852, 16)
(47, 26, 0.23565501633836852, 16)
(47, 27, 0.23565501633836852, 16)
(47, 28, 0.23565501633836852, 16)
(47, 29, 0.23565501633836852, 16)
(47, 30, 0.23565501633836852, 16)
(47, 31, 0.23565501633836852, 16)
(48, 1, 0.21208951470453166, 16)
(48, 2, 0.21208951470453166, 16)
(48, 3, 0.21208951470453166, 16)
(48, 4, 0.21208951470453166, 16)
(48, 6, 0.21208951470453166, 16)
(48, 7, 0.21208951470453166, 16)
(48, 10, 0.21208951470453166, 16)
(48, 11, 0.21208951470453166, 16)
(48, 12, 0.21208951470453166, 16)
(48, 13, 0.21208951470453166, 16)
(48, 14, 0.21208951470453166, 16)
(48, 15, 0.21208951470453166, 16)
(48, 16, 0.21208951470453166, 16)
(48, 17, 0.21208951470453166, 16)
(48, 18, 0.21208951470453166, 16)
(48, 19, 0.21208951470453166, 16)
(48, 20, 0.21208951470453166, 16)
(48, 21, 0.21208951470453166, 16)
(48, 22, 0.21208951470453166, 16)
(48, 24, 0.21208951470453166, 16)
(48, 25, 0.21208951470453166, 16)
(48, 26, 0.21208951470453166, 16)
(48, 27, 0.21208951470453166, 16)
(48, 29, 0.21208951470453166, 16)
(48, 30, 0.21208951470453166, 16)
(48, 31, 0.21208951470453166, 16)
(48, 32, 0.21208951470453166, 16)
(48, 34, 0.21208951470453166, 16)
(48, 35, 0.21208951470453166, 16)
(48, 37, 0.21208951470453166, 16)
(49, 1, 0.1908805632340785, 16)
(49, 2, 0.1908805632340785, 16)
(49, 3, 0.1908805632340785, 16)
(49, 4, 0.1908805632340785, 16)
