100, 100, 30, 30, 0.9, 238
(1, 1, 30, 12)
(1, 2, 30, 12)
(1, 3, 30, 34)
(1, 4, 30, 34)
(1, 5, 30, 34)
(1, 6, 30, 34)
(1, 7, 30, 34)
(1, 8, 30, 34)
(1, 9, 30, 34)
(1, 10, 30, 34)
(1, 11, 30, 34)
(1, 12, 30, 34)
(1, 13, 30, 34)
(1, 14, 30, 34)
(1, 16, 30, 34)
(1, 17, 30, 34)
(1, 18, 30, 34)
(1, 19, 30, 34)
(1, 20, 30, 34)
(1, 23, 30, 34)
(1, 24, 30, 34)
(1, 25, 30, 34)
(1, 27, 30, 34)
(1, 28, 30, 34)
(1, 29, 30, 34)
(1, 31, 30, 34)
(1, 32, 30, 34)
(1, 33, 30, 34)
(1, 34, 30, 82)
(1, 35, 30, 82)
(2, 2, 27.0, 82)
(2, 3, 27.0, 82)
(2, 4, 27.0, 82)
(2, 5, 27.0, 82)
(2, 6, 27.0, 82)
(2, 7, 27.0, 87)
(2, 8, 27.0, 40)
(2, 9, 27.0, 40)
(2, 10, 27.0, 39)
(2, 12, 27.0, 54)
(2, 13, 27.0, 54)
(2, 14, 27.0, 54)
(2, 15, 27.0, 54)
(2, 16, 27.0, 69)
(2, 19, 27.0, 69)
(2, 20, 27.0, 69)
(2, 21, 27.0, 69)
(2, 22, 27.0, 69)
(2, 23, 27.0, 86)
(2, 24, 27.0, 86)
(2, 25, 27.0, 86)
(2, 26, 27.0, 86)
(2, 27, 27.0, 86)
(2, 28, 27.0, 127)
(2, 29, 27.0, 127)
(2, 31, 27.0, 127)
(2, 32, 27.0, 127)
(2, 33, 27.0, 137)
(2, 34, 27.0, 137)
(2, 35, 27.0, 137)
(3, 1, 24.3, 137)
(3, 2, 24.3, 137)
(3, 3, 24.3, 137)
(3, 4, 24.3, 137)
(3, 6, 24.3, 137)
(3, 8, 24.3, 137)
(3, 9, 24.3, 137)
(3, 10, 24.3, 138)
(3, 11, 24.3, 138)
(3, 12, 24.3, 138)
(3, 13, 24.3, 138)
(3, 14, 24.3, 138)
(3, 15, 24.3, 138)
(3, 16, 24.3, 138)
(3, 17, 24.3, 92)
(3, 18, 24.3, 92)
(3, 19, 24.3, 92)
(3, 20, 24.3, 92)
(3, 21, 24.3, 92)
(3, 22, 24.3, 76)
(3, 23, 24.3, 76)
(3, 24, 24.3, 76)
(3, 25, 24.3, 76)
(3, 26, 24.3, 76)
(3, 27, 24.3, 76)
(3, 28, 24.3, 76)
(3, 29, 24.3, 76)
(3, 30, 24.3, 76)
(3, 31, 24.3, 76)
(3, 32, 24.3, 76)
(4, 1, 21.87, 76)
(4, 3, 21.87, 76)
(4, 4, 21.87, 76)
(4, 5, 21.87, 76)
(4, 6, 21.87, 76)
(4, 8, 21.87, 76)
(4, 9, 21.87, 76)
(4, 10, 21.87, 76)
(4, 11, 21.87, 76)
(4, 12, 21.87, 76)
(4, 14, 21.87, 76)
(4, 15, 21.87, 76)
(4, 16, 21.87, 76)
(4, 17, 21.87, 76)
(4, 18, 21.87, 76)
(4, 19, 21.87, 76)
(4, 20, 21.87, 76)
(4, 21, 21.87, 76)
(4, 22, 21.87, 76)
(4, 23, 21.87, 76)
(4, 24, 21.87, 76)
(4, 26, 21.87, 76)
(4, 27, 21.87, 76)
(4, 28, 21.87, 76)
(4, 29, 21.87, 76)
(4, 30, 21.87, 76)
(4, 31, 21.87, 76)
(4, 32, 21.87, 76)
(4, 34, 21.87, 76)
(4, 35, 21.87, 86)
(5, 1, 19.683, 86)
(5, 2, 19.683, 101)
(5, 3, 19.683, 101)
(5, 4, 19.683, 101)
(5, 5, 19.683, 101)
(5, 7, 19.683, 101)
(5, 8, 19.683, 101)
(5, 9, 19.683, 101)
(5, 10, 19.683, 101)
(5, 11, 19.683, 101)
(5, 12, 19.683, 101)
(5, 13, 19.683, 165)
(5, 15, 19.683, 101)
(5, 16, 19.683, 101)
(5, 17, 19.683, 101)
(5, 18, 19.683, 101)
(5, 19, 19.683, 101)
(5, 20, 19.683, 101)
(5, 21, 19.683, 101)
(5, 22, 19.683, 98)
(5, 23, 19.683, 98)
(5, 24, 19.683, 83)
(5, 25, 19.683, 83)
(5, 26, 19.683, 147)
(5, 27, 19.683, 147)
(5, 28, 19.683, 147)
(5, 29, 19.683, 147)
(5, 30, 19.683, 132)
(5, 31, 19.683, 132)
(5, 33, 19.683, 132)
(6, 1, 17.7147, 132)
(6, 2, 17.7147, 114)
(6, 5, 17.7147, 114)
(6, 7, 17.7147, 114)
(6, 8, 17.7147, 114)
(6, 9, 17.7147, 114)
(6, 10, 17.7147, 114)
(6, 11, 17.7147, 119)
(6, 12, 17.7147, 119)
(6, 13, 17.7147, 119)
(6, 14, 17.7147, 119)
(6, 15, 17.7147, 119)
(6, 16, 17.7147, 119)
(6, 17, 17.7147, 119)
(6, 18, 17.7147, 119)
(6, 19, 17.7147, 119)
(6, 20, 17.7147, 119)
(6, 22, 17.7147, 123)
(6, 24, 17.7147, 123)
(6, 25, 17.7147, 134)
(6, 26, 17.7147, 134)
(6, 27, 17.7147, 134)
(6, 28, 17.7147, 134)
(6, 29, 17.7147, 134)
(6, 30, 17.7147, 134)
(6, 32, 17.7147, 134)
(6, 33, 17.7147, 134)
(6, 34, 17.7147, 134)
(6, 35, 17.7147, 141)
(6, 36, 17.7147, 167)
(7, 1, 15.943230000000002, 167)
(7, 2, 15.943230000000002, 167)
(7, 3, 15.943230000000002, 167)
(7, 4, 15.943230000000002, 167)
(7, 5, 15.943230000000002, 167)
(7, 7, 15.943230000000002, 167)
(7, 8, 15.943230000000002, 172)
(7, 9, 15.943230000000002, 172)
(7, 10, 15.943230000000002, 172)
(7, 11, 15.943230000000002, 174)
(7, 12, 15.943230000000002, 174)
(7, 13, 15.943230000000002, 138)
(7, 15, 15.943230000000002, 138)
(7, 16, 15.943230000000002, 138)
(7, 17, 15.943230000000002, 138)
(7, 18, 15.943230000000002, 138)
(7, 19, 15.943230000000002, 138)
(7, 20, 15.943230000000002, 138)
(7, 21, 15.943230000000002, 138)
(7, 22, 15.943230000000002, 194)
(7, 23, 15.943230000000002, 194)
(7, 24, 15.943230000000002, 194)
(7, 25, 15.943230000000002, 190)
(7, 26, 15.943230000000002, 190)
(7, 28, 15.943230000000002, 190)
(7, 29, 15.943230000000002, 134)
(7, 30, 15.943230000000002, 134)
(7, 31, 15.943230000000002, 134)
(7, 32, 15.943230000000002, 134)
(7, 33, 15.943230000000002, 134)
(8, 2, 14.348907000000002, 134)
(8, 3, 14.348907000000002, 134)
(8, 4, 14.348907000000002, 134)
(8, 5, 14.348907000000002, 134)
(8, 7, 14.348907000000002, 134)
(8, 8, 14.348907000000002, 135)
(8, 9, 14.348907000000002, 135)
(8, 10, 14.348907000000002, 135)
(8, 11, 14.348907000000002, 135)
(8, 12, 14.348907000000002, 135)
(8, 13, 14.348907000000002, 135)
(8, 14, 14.348907000000002, 135)
(8, 15, 14.348907000000002, 135)
(8, 16, 14.348907000000002, 135)
(8, 17, 14.348907000000002, 135)
(8, 18, 14.348907000000002, 135)
(8, 19, 14.348907000000002, 135)
(8, 20, 14.348907000000002, 135)
(8, 21, 14.348907000000002, 135)
(8, 24, 14.348907000000002, 135)
(8, 25, 14.348907000000002, 135)
(8, 26, 14.348907000000002, 135)
(8, 27, 14.348907000000002, 135)
(8, 28, 14.348907000000002, 135)
(8, 29, 14.348907000000002, 135)
(8, 30, 14.348907000000002, 150)
(8, 31, 14.348907000000002, 150)
(8, 33, 14.348907000000002, 150)
(8, 34, 14.348907000000002, 150)
(8, 35, 14.348907000000002, 150)
(9, 1, 12.914016300000002, 150)
(9, 3, 12.914016300000002, 150)
(9, 4, 12.914016300000002, 150)
(9, 5, 12.914016300000002, 150)
(9, 6, 12.914016300000002, 150)
(9, 7, 12.914016300000002, 150)
(9, 8, 12.914016300000002, 150)
(9, 10, 12.914016300000002, 150)
(9, 11, 12.914016300000002, 150)
(9, 12, 12.914016300000002, 150)
(9, 14, 12.914016300000002, 150)
(9, 15, 12.914016300000002, 150)
(9, 16, 12.914016300000002, 144)
(9, 17, 12.914016300000002, 144)
(9, 18, 12.914016300000002, 144)
(9, 19, 12.914016300000002, 144)
(9, 21, 12.914016300000002, 144)
(9, 22, 12.914016300000002, 144)
(9, 23, 12.914016300000002, 144)
(9, 24, 12.914016300000002, 144)
(9, 26, 12.914016300000002, 143)
(9, 27, 12.914016300000002, 143)
(9, 28, 12.914016300000002, 143)
(9, 29, 12.914016300000002, 143)
(9, 30, 12.914016300000002, 143)
(9, 31, 12.914016300000002, 143)
(9, 32, 12.914016300000002, 143)
(9, 33, 12.914016300000002, 174)
(9, 34, 12.914016300000002, 174)
(9, 35, 12.914016300000002, 174)
(10, 1, 11.622614670000003, 174)
(10, 2, 11.622614670000003, 174)
(10, 3, 11.622614670000003, 174)
(10, 4, 11.622614670000003, 174)
(10, 6, 11.622614670000003, 174)
(10, 7, 11.622614670000003, 174)
(10, 8, 11.622614670000003, 174)
(10, 9, 11.622614670000003, 175)
(10, 10, 11.622614670000003, 175)
(10, 11, 11.622614670000003, 166)
(10, 12, 11.622614670000003, 166)
(10, 13, 11.622614670000003, 166)
(10, 15, 11.622614670000003, 166)
(10, 16, 11.622614670000003, 166)
(10, 17, 11.622614670000003, 166)
(10, 18, 11.622614670000003, 166)
(10, 19, 11.622614670000003, 120)
(10, 20, 11.622614670000003, 120)
(10, 21, 11.622614670000003, 120)
(10, 23, 11.622614670000003, 120)
(10, 24, 11.622614670000003, 120)
(10, 25, 11.622614670000003, 120)
(10, 26, 11.622614670000003, 120)
(10, 27, 11.622614670000003, 119)
(10, 28, 11.622614670000003, 119)
(10, 29, 11.622614670000003, 119)
(10, 31, 11.622614670000003, 119)
(10, 32, 11.622614670000003, 119)
(10, 33, 11.622614670000003, 119)
(10, 35, 11.622614670000003, 119)
(11, 1, 10.460353203000002, 119)
(11, 3, 10.460353203000002, 119)
(11, 4, 10.460353203000002, 119)
(11, 5, 10.460353203000002, 119)
(11, 8, 10.460353203000002, 119)
(11, 9, 10.460353203000002, 104)
(11, 10, 10.460353203000002, 104)
(11, 11, 10.460353203000002, 104)
(11, 12, 10.460353203000002, 88)
(11, 13, 10.460353203000002, 88)
(11, 14, 10.460353203000002, 88)
(11, 15, 10.460353203000002, 80)
(11, 16, 10.460353203000002, 80)
(11, 17, 10.460353203000002, 80)
(11, 18, 10.460353203000002, 80)
(11, 19, 10.460353203000002, 120)
(11, 20, 10.460353203000002, 120)
(11, 21, 10.460353203000002, 120)
(11, 23, 10.460353203000002, 120)
(11, 24, 10.460353203000002, 120)
(11, 25, 10.460353203000002, 120)
(11, 27, 10.460353203000002, 120)
(11, 28, 10.460353203000002, 120)
(11, 29, 10.460353203000002, 120)
(11, 30, 10.460353203000002, 120)
(11, 31, 10.460353203000002, 120)
(11, 32, 10.460353203000002, 120)
(11, 34, 10.460353203000002, 120)
(11, 35, 10.460353203000002, 120)
(11, 36, 10.460353203000002, 120)
(12, 1, 9.414317882700002, 128)
(12, 2, 9.414317882700002, 128)
(12, 3, 9.414317882700002, 128)
(12, 4, 9.414317882700002, 128)
(12, 5, 9.414317882700002, 128)
(12, 7, 9.414317882700002, 128)
(12, 8, 9.414317882700002, 110)
(12, 9, 9.414317882700002, 110)
(12, 10, 9.414317882700002, 110)
(12, 11, 9.414317882700002, 110)
(12, 12, 9.414317882700002, 110)
(12, 13, 9.414317882700002, 110)
(12, 14, 9.414317882700002, 110)
(12, 15, 9.414317882700002, 110)
(12, 18, 9.414317882700002, 110)
(12, 19, 9.414317882700002, 110)
(12, 22, 9.414317882700002, 110)
(12, 23, 9.414317882700002, 110)
(12, 25, 9.414317882700002, 110)
(12, 26, 9.414317882700002, 110)
(12, 27, 9.414317882700002, 110)
(12, 28, 9.414317882700002, 80)
(12, 29, 9.414317882700002, 80)
(12, 30, 9.414317882700002, 80)
(12, 31, 9.414317882700002, 80)
(12, 33, 9.414317882700002, 80)
(12, 35, 9.414317882700002, 80)
(12, 36, 9.414317882700002, 80)
(12, 37, 9.414317882700002, 80)
(12, 38, 9.414317882700002, 80)
(13, 1, 8.472886094430002, 80)
(13, 2, 8.472886094430002, 80)
(13, 3, 8.472886094430002, 80)
(13, 4, 8.472886094430002, 80)
(13, 5, 8.472886094430002, 80)
(13, 6, 8.472886094430002, 80)
(13, 7, 8.472886094430002, 80)
(13, 8, 8.472886094430002, 80)
(13, 9, 8.472886094430002, 80)
(13, 10, 8.472886094430002, 80)
(13, 11, 8.472886094430002, 80)
(13, 12, 8.472886094430002, 80)
(13, 13, 8.472886094430002, 80)
(13, 14, 8.472886094430002, 80)
(13, 15, 8.472886094430002, 80)
(13, 16, 8.472886094430002, 80)
(13, 18, 8.472886094430002, 80)
(13, 19, 8.472886094430002, 78)
(13, 20, 8.472886094430002, 78)
(13, 22, 8.472886094430002, 86)
(13, 23, 8.472886094430002, 86)
(13, 24, 8.472886094430002, 38)
(13, 26, 8.472886094430002, 38)
(13, 27, 8.472886094430002, 38)
(13, 28, 8.472886094430002, 38)
(13, 30, 8.472886094430002, 38)
(13, 31, 8.472886094430002, 38)
(13, 32, 8.472886094430002, 38)
(13, 33, 8.472886094430002, 38)
(13, 34, 8.472886094430002, 38)
(14, 1, 7.6255974849870025, 38)
(14, 2, 7.6255974849870025, 38)
(14, 3, 7.6255974849870025, 38)
(14, 4, 7.6255974849870025, 38)
(14, 5, 7.6255974849870025, 38)
(14, 6, 7.6255974849870025, 38)
(14, 7, 7.6255974849870025, 38)
(14, 9, 7.6255974849870025, 38)
(14, 10, 7.6255974849870025, 38)
(14, 11, 7.6255974849870025, 38)
(14, 12, 7.6255974849870025, 38)
(14, 13, 7.6255974849870025, 38)
(14, 15, 7.6255974849870025, 38)
(14, 16, 7.6255974849870025, 38)
(14, 17, 7.6255974849870025, 38)
(14, 18, 7.6255974849870025, 38)
(14, 20, 7.6255974849870025, 38)
(14, 21, 7.6255974849870025, 38)
(14, 22, 7.6255974849870025, 38)
(14, 25, 7.6255974849870025, 38)
(14, 26, 7.6255974849870025, 38)
(14, 27, 7.6255974849870025, 38)
(14, 28, 7.6255974849870025, 38)
(14, 29, 7.6255974849870025, 38)
(14, 31, 7.6255974849870025, 38)
(14, 32, 7.6255974849870025, 38)
(14, 33, 7.6255974849870025, 38)
(14, 34, 7.6255974849870025, 38)
(14, 36, 7.6255974849870025, 42)
(14, 37, 7.6255974849870025, 42)
(15, 1, 6.863037736488303, 42)
(15, 2, 6.863037736488303, 42)
(15, 3, 6.863037736488303, 42)
(15, 5, 6.863037736488303, 42)
(15, 6, 6.863037736488303, 42)
(15, 7, 6.863037736488303, 42)
(15, 9, 6.863037736488303, 42)
(15, 10, 6.863037736488303, 42)
(15, 11, 6.863037736488303, 42)
(15, 12, 6.863037736488303, 42)
(15, 13, 6.863037736488303, 42)
(15, 14, 6.863037736488303, 42)
(15, 15, 6.863037736488303, 42)
(15, 16, 6.863037736488303, 42)
(15, 17, 6.863037736488303, 42)
(15, 18, 6.863037736488303, 42)
(15, 19, 6.863037736488303, 42)
(15, 21, 6.863037736488303, 42)
(15, 23, 6.863037736488303, 42)
(15, 24, 6.863037736488303, 42)
(15, 26, 6.863037736488303, 42)
(15, 27, 6.863037736488303, 42)
(15, 28, 6.863037736488303, 42)
(15, 30, 6.863037736488303, 42)
(15, 31, 6.863037736488303, 42)
(15, 32, 6.863037736488303, 42)
(15, 33, 6.863037736488303, 42)
(15, 34, 6.863037736488303, 42)
(15, 35, 6.863037736488303, 42)
(15, 36, 6.863037736488303, 44)
(16, 1, 6.176733962839473, 44)
(16, 2, 6.176733962839473, 44)
(16, 3, 6.176733962839473, 44)
(16, 4, 6.176733962839473, 44)
(16, 5, 6.176733962839473, 42)
(16, 6, 6.176733962839473, 42)
(16, 7, 6.176733962839473, 42)
(16, 8, 6.176733962839473, 42)
(16, 9, 6.176733962839473, 42)
(16, 12, 6.176733962839473, 42)
(16, 14, 6.176733962839473, 42)
(16, 15, 6.176733962839473, 42)
(16, 17, 6.176733962839473, 26)
(16, 18, 6.176733962839473, 26)
(16, 19, 6.176733962839473, 22)
(16, 21, 6.176733962839473, 22)
(16, 22, 6.176733962839473, 22)
(16, 23, 6.176733962839473, 22)
(16, 25, 6.176733962839473, 22)
(16, 26, 6.176733962839473, 22)
(16, 28, 6.176733962839473, 22)
(16, 29, 6.176733962839473, 22)
(16, 30, 6.176733962839473, 22)
(16, 31, 6.176733962839473, 22)
(16, 32, 6.176733962839473, 22)
(16, 34, 6.176733962839473, 22)
(16, 35, 6.176733962839473, 22)
(16, 36, 6.176733962839473, 22)
(16, 37, 6.176733962839473, 22)
(16, 38, 6.176733962839473, 22)
(17, 1, 5.559060566555526, 22)
(17, 2, 5.559060566555526, 22)
(17, 3, 5.559060566555526, 22)
(17, 4, 5.559060566555526, 22)
(17, 5, 5.559060566555526, 22)
(17, 6, 5.559060566555526, 22)
(17, 7, 5.559060566555526, 22)
(17, 8, 5.559060566555526, 22)
(17, 9, 5.559060566555526, 22)
(17, 10, 5.559060566555526, 22)
(17, 12, 5.559060566555526, 22)
(17, 13, 5.559060566555526, 22)
(17, 15, 5.559060566555526, 22)
(17, 16, 5.559060566555526, 22)
(17, 17, 5.559060566555526, 22)
(17, 18, 5.559060566555526, 22)
(17, 19, 5.559060566555526, 22)
(17, 20, 5.559060566555526, 22)
(17, 22, 5.559060566555526, 22)
(17, 25, 5.559060566555526, 22)
(17, 26, 5.559060566555526, 22)
(17, 27, 5.559060566555526, 22)
(17, 30, 5.559060566555526, 22)
(17, 31, 5.559060566555526, 22)
(17, 32, 5.559060566555526, 22)
(17, 33, 5.559060566555526, 22)
(17, 34, 5.559060566555526, 22)
(17, 35, 5.559060566555526, 22)
(17, 36, 5.559060566555526, 22)
(17, 37, 5.559060566555526, 22)
(18, 1, 5.003154509899973, 22)
(18, 2, 5.003154509899973, 22)
(18, 3, 5.003154509899973, 22)
(18, 4, 5.003154509899973, 22)
(18, 5, 5.003154509899973, 22)
(18, 6, 5.003154509899973, 22)
(18, 7, 5.003154509899973, 22)
(18, 8, 5.003154509899973, 22)
(18, 12, 5.003154509899973, 22)
(18, 16, 5.003154509899973, 22)
(18, 17, 5.003154509899973, 22)
(18, 19, 5.003154509899973, 22)
(18, 20, 5.003154509899973, 22)
(18, 21, 5.003154509899973, 22)
(18, 22, 5.003154509899973, 22)
(18, 23, 5.003154509899973, 22)
(18, 24, 5.003154509899973, 22)
(18, 25, 5.003154509899973, 22)
(18, 27, 5.003154509899973, 22)
(18, 28, 5.003154509899973, 22)
(18, 29, 5.003154509899973, 22)
(18, 30, 5.003154509899973, 22)
(18, 31, 5.003154509899973, 22)
(18, 32, 5.003154509899973, 22)
(18, 33, 5.003154509899973, 22)
(18, 34, 5.003154509899973, 22)
(18, 35, 5.003154509899973, 22)
(18, 36, 5.003154509899973, 22)
(18, 37, 5.003154509899973, 22)
(18, 38, 5.003154509899973, 22)
(19, 2, 4.502839058909976, 22)
(19, 4, 4.502839058909976, 22)
(19, 5, 4.502839058909976, 22)
(19, 6, 4.502839058909976, 22)
(19, 7, 4.502839058909976, 22)
(19, 8, 4.502839058909976, 22)
(19, 9, 4.502839058909976, 22)
(19, 11, 4.502839058909976, 22)
(19, 12, 4.502839058909976, 22)
(19, 14, 4.502839058909976, 22)
(19, 15, 4.502839058909976, 22)
(19, 16, 4.502839058909976, 22)
(19, 17, 4.502839058909976, 22)
(19, 18, 4.502839058909976, 22)
(19, 19, 4.502839058909976, 22)
(19, 21, 4.502839058909976, 22)
(19, 22, 4.502839058909976, 22)
(19, 23, 4.502839058909976, 22)
(19, 24, 4.502839058909976, 22)
(19, 25, 4.502839058909976, 22)
(19, 26, 4.502839058909976, 22)
(19, 28, 4.502839058909976, 22)
(19, 30, 4.502839058909976, 22)
(19, 31, 4.502839058909976, 22)
(19, 32, 4.502839058909976, 22)
(19, 33, 4.502839058909976, 22)
(19, 34, 4.502839058909976, 22)
(19, 35, 4.502839058909976, 22)
(19, 36, 4.502839058909976, 22)
(19, 38, 4.502839058909976, 22)
(20, 1, 4.052555153018979, 22)
(20, 2, 4.052555153018979, 16)
(20, 3, 4.052555153018979, 16)
(20, 4, 4.052555153018979, 16)
(20, 5, 4.052555153018979, 16)
(20, 6, 4.052555153018979, 16)
(20, 9, 4.052555153018979, 16)
(20, 10, 4.052555153018979, 16)
(20, 11, 4.052555153018979, 16)
(20, 12, 4.052555153018979, 16)
(20, 13, 4.052555153018979, 16)
(20, 14, 4.052555153018979, 16)
(20, 15, 4.052555153018979, 16)
(20, 17, 4.052555153018979, 16)
(20, 18, 4.052555153018979, 16)
(20, 19, 4.052555153018979, 16)
(20, 20, 4.052555153018979, 16)
(20, 22, 4.052555153018979, 16)
(20, 23, 4.052555153018979, 16)
(20, 24, 4.052555153018979, 16)
(20, 25, 4.052555153018979, 16)
(20, 26, 4.052555153018979, 16)
(20, 27, 4.052555153018979, 16)
(20, 28, 4.052555153018979, 16)
(20, 29, 4.052555153018979, 16)
(20, 33, 4.052555153018979, 16)
(20, 34, 4.052555153018979, 16)
(20, 36, 4.052555153018979, 16)
(20, 37, 4.052555153018979, 16)
(20, 38, 4.052555153018979, 16)
(21, 1, 3.6472996377170808, 16)
(21, 2, 3.6472996377170808, 16)
(21, 3, 3.6472996377170808, 16)
(21, 4, 3.6472996377170808, 16)
(21, 5, 3.6472996377170808, 16)
(21, 6, 3.6472996377170808, 16)
(21, 7, 3.6472996377170808, 16)
(21, 8, 3.6472996377170808, 16)
(21, 9, 3.6472996377170808, 16)
(21, 10, 3.6472996377170808, 16)
(21, 11, 3.6472996377170808, 16)
(21, 13, 3.6472996377170808, 16)
(21, 14, 3.6472996377170808, 16)
(21, 15, 3.6472996377170808, 16)
(21, 16, 3.6472996377170808, 16)
(21, 17, 3.6472996377170808, 16)
(21, 18, 3.6472996377170808, 16)
(21, 19, 3.6472996377170808, 16)
(21, 20, 3.6472996377170808, 16)
(21, 21, 3.6472996377170808, 16)
(21, 22, 3.6472996377170808, 16)
(21, 26, 3.6472996377170808, 16)
(21, 28, 3.6472996377170808, 16)
(21, 29, 3.6472996377170808, 16)
(21, 30, 3.6472996377170808, 16)
(21, 31, 3.6472996377170808, 16)
(21, 32, 3.6472996377170808, 16)
(21, 33, 3.6472996377170808, 16)
(21, 35, 3.6472996377170808, 16)
(21, 36, 3.6472996377170808, 16)
(22, 1, 3.282569673945373, 16)
(22, 3, 3.282569673945373, 16)
(22, 4, 3.282569673945373, 16)
(22, 6, 3.282569673945373, 16)
(22, 8, 3.282569673945373, 16)
(22, 11, 3.282569673945373, 16)
(22, 12, 3.282569673945373, 16)
(22, 13, 3.282569673945373, 16)
(22, 14, 3.282569673945373, 16)
(22, 15, 3.282569673945373, 16)
(22, 16, 3.282569673945373, 16)
(22, 17, 3.282569673945373, 16)
(22, 18, 3.282569673945373, 16)
(22, 19, 3.282569673945373, 16)
(22, 20, 3.282569673945373, 16)
(22, 21, 3.282569673945373, 16)
(22, 22, 3.282569673945373, 16)
(22, 23, 3.282569673945373, 16)
(22, 24, 3.282569673945373, 16)
(22, 25, 3.282569673945373, 16)
(22, 26, 3.282569673945373, 16)
(22, 27, 3.282569673945373, 16)
(22, 28, 3.282569673945373, 16)
(22, 29, 3.282569673945373, 16)
(22, 30, 3.282569673945373, 16)
(22, 31, 3.282569673945373, 16)
(22, 32, 3.282569673945373, 12)
(22, 34, 3.282569673945373, 12)
(22, 35, 3.282569673945373, 12)
(22, 36, 3.282569673945373, 12)
(23, 1, 2.954312706550836, 12)
(23, 3, 2.954312706550836, 12)
(23, 4, 2.954312706550836, 12)
(23, 5, 2.954312706550836, 12)
(23, 7, 2.954312706550836, 12)
(23, 8, 2.954312706550836, 12)
(23, 9, 2.954312706550836, 12)
(23, 10, 2.954312706550836, 12)
(23, 11, 2.954312706550836, 12)
(23, 12, 2.954312706550836, 15)
(23, 13, 2.954312706550836, 15)
(23, 14, 2.954312706550836, 15)
(23, 15, 2.954312706550836, 15)
(23, 17, 2.954312706550836, 15)
(23, 18, 2.954312706550836, 15)
(23, 19, 2.954312706550836, 15)
(23, 21, 2.954312706550836, 15)
(23, 22, 2.954312706550836, 15)
(23, 24, 2.954312706550836, 15)
(23, 25, 2.954312706550836, 15)
(23, 26, 2.954312706550836, 15)
(23, 27, 2.954312706550836, 15)
(23, 28, 2.954312706550836, 15)
(23, 29, 2.954312706550836, 15)
(23, 30, 2.954312706550836, 15)
(23, 31, 2.954312706550836, 15)
(23, 32, 2.954312706550836, 15)
(23, 33, 2.954312706550836, 15)
(23, 34, 2.954312706550836, 15)
(23, 36, 2.954312706550836, 15)
(24, 2, 2.6588814358957524, 15)
(24, 4, 2.6588814358957524, 15)
(24, 5, 2.6588814358957524, 15)
(24, 7, 2.6588814358957524, 15)
(24, 8, 2.6588814358957524, 15)
(24, 9, 2.6588814358957524, 15)
(24, 10, 2.6588814358957524, 15)
(24, 11, 2.6588814358957524, 15)
(24, 12, 2.6588814358957524, 15)
(24, 13, 2.6588814358957524, 15)
(24, 14, 2.6588814358957524, 15)
(24, 15, 2.6588814358957524, 15)
(24, 16, 2.6588814358957524, 15)
(24, 17, 2.6588814358957524, 15)
(24, 19, 2.6588814358957524, 15)
(24, 22, 2.6588814358957524, 15)
(24, 23, 2.6588814358957524, 15)
(24, 24, 2.6588814358957524, 15)
(24, 25, 2.6588814358957524, 15)
(24, 27, 2.6588814358957524, 15)
(24, 29, 2.6588814358957524, 15)
(24, 30, 2.6588814358957524, 15)
(24, 31, 2.6588814358957524, 15)
(24, 33, 2.6588814358957524, 15)
(24, 34, 2.6588814358957524, 15)
(24, 35, 2.6588814358957524, 15)
(24, 36, 2.6588814358957524, 15)
(24, 37, 2.6588814358957524, 15)
(24, 38, 2.6588814358957524, 15)
(24, 39, 2.6588814358957524, 15)
(25, 2, 2.392993292306177, 15)
(25, 3, 2.392993292306177, 15)
(25, 5, 2.392993292306177, 15)
(25, 6, 2.392993292306177, 15)
(25, 7, 2.392993292306177, 15)
(25, 8, 2.392993292306177, 15)
(25, 9, 2.392993292306177, 15)
(25, 10, 2.392993292306177, 15)
(25, 11, 2.392993292306177, 15)
(25, 12, 2.392993292306177, 15)
(25, 13, 2.392993292306177, 15)
(25, 14, 2.392993292306177, 15)
(25, 15, 2.392993292306177, 15)
(25, 16, 2.392993292306177, 15)
(25, 17, 2.392993292306177, 15)
(25, 18, 2.392993292306177, 15)
(25, 19, 2.392993292306177, 15)
(25, 21, 2.392993292306177, 15)
(25, 22, 2.392993292306177, 15)
(25, 23, 2.392993292306177, 15)
(25, 24, 2.392993292306177, 15)
(25, 25, 2.392993292306177, 15)
(25, 27, 2.392993292306177, 15)
(25, 30, 2.392993292306177, 15)
(25, 31, 2.392993292306177, 15)
(25, 32, 2.392993292306177, 15)
(25, 33, 2.392993292306177, 15)
(25, 34, 2.392993292306177, 15)
(25, 35, 2.392993292306177, 15)
(25, 36, 2.392993292306177, 15)
(26, 2, 2.1536939630755594, 15)
(26, 3, 2.1536939630755594, 15)
(26, 4, 2.1536939630755594, 15)
(26, 5, 2.1536939630755594, 15)
(26, 6, 2.1536939630755594, 15)
(26, 7, 2.1536939630755594, 15)
(26, 8, 2.1536939630755594, 15)
(26, 9, 2.1536939630755594, 15)
(26, 10, 2.1536939630755594, 15)
(26, 12, 2.1536939630755594, 15)
(26, 13, 2.1536939630755594, 15)
(26, 14, 2.1536939630755594, 15)
(26, 15, 2.1536939630755594, 15)
(26, 16, 2.1536939630755594, 15)
(26, 17, 2.1536939630755594, 15)
(26, 18, 2.1536939630755594, 15)
(26, 19, 2.1536939630755594, 15)
(26, 20, 2.1536939630755594, 15)
(26, 21, 2.1536939630755594, 15)
(26, 22, 2.1536939630755594, 15)
(26, 24, 2.1536939630755594, 15)
(26, 26, 2.1536939630755594, 15)
(26, 27, 2.1536939630755594, 15)
(26, 28, 2.1536939630755594, 15)
(26, 29, 2.1536939630755594, 15)
(26, 30, 2.1536939630755594, 15)
(26, 31, 2.1536939630755594, 15)
(26, 32, 2.1536939630755594, 15)
(26, 34, 2.1536939630755594, 15)
(26, 35, 2.1536939630755594, 15)
(27, 1, 1.9383245667680036, 15)
(27, 2, 1.9383245667680036, 15)
(27, 3, 1.9383245667680036, 15)
(27, 5, 1.9383245667680036, 15)
(27, 6, 1.9383245667680036, 15)
(27, 7, 1.9383245667680036, 15)
(27, 8, 1.9383245667680036, 15)
(27, 9, 1.9383245667680036, 15)
(27, 10, 1.9383245667680036, 15)
(27, 11, 1.9383245667680036, 19)
(27, 12, 1.9383245667680036, 19)
(27, 13, 1.9383245667680036, 19)
(27, 15, 1.9383245667680036, 19)
(27, 16, 1.9383245667680036, 19)
(27, 17, 1.9383245667680036, 19)
(27, 18, 1.9383245667680036, 19)
(27, 19, 1.9383245667680036, 19)
(27, 21, 1.9383245667680036, 19)
(27, 22, 1.9383245667680036, 19)
(27, 23, 1.9383245667680036, 19)
(27, 24, 1.9383245667680036, 19)
(27, 25, 1.9383245667680036, 19)
(27, 27, 1.9383245667680036, 19)
(27, 29, 1.9383245667680036, 19)
(27, 30, 1.9383245667680036, 19)
(27, 32, 1.9383245667680036, 19)
(27, 33, 1.9383245667680036, 19)
(27, 34, 1.9383245667680036, 19)
(27, 35, 1.9383245667680036, 19)
(27, 36, 1.9383245667680036, 19)
(28, 1, 1.7444921100912032, 19)
(28, 2, 1.7444921100912032, 19)
(28, 3, 1.7444921100912032, 19)
(28, 4, 1.7444921100912032, 19)
(28, 5, 1.7444921100912032, 19)
(28, 6, 1.7444921100912032, 19)
(28, 7, 1.7444921100912032, 19)
(28, 8, 1.7444921100912032, 19)
(28, 9, 1.7444921100912032, 19)
(28, 10, 1.7444921100912032, 19)
(28, 12, 1.7444921100912032, 19)
(28, 13, 1.7444921100912032, 19)
(28, 14, 1.7444921100912032, 19)
(28, 16, 1.7444921100912032, 19)
(28, 17, 1.7444921100912032, 19)
(28, 18, 1.7444921100912032, 19)
(28, 19, 1.7444921100912032, 19)
(28, 20, 1.7444921100912032, 19)
(28, 21, 1.7444921100912032, 19)
(28, 22, 1.7444921100912032, 19)
(28, 23, 1.7444921100912032, 19)
(28, 24, 1.7444921100912032, 19)
(28, 26, 1.7444921100912032, 19)
(28, 27, 1.7444921100912032, 19)
(28, 30, 1.7444921100912032, 19)
(28, 31, 1.7444921100912032, 19)
(28, 33, 1.7444921100912032, 19)
(28, 36, 1.7444921100912032, 19)
(28, 37, 1.7444921100912032, 19)
(28, 38, 1.7444921100912032, 19)
(29, 1, 1.570042899082083, 19)
(29, 2, 1.570042899082083, 19)
(29, 4, 1.570042899082083, 19)
(29, 5, 1.570042899082083, 19)
(29, 6, 1.570042899082083, 19)
(29, 7, 1.570042899082083, 19)
(29, 9, 1.570042899082083, 19)
(29, 10, 1.570042899082083, 19)
(29, 11, 1.570042899082083, 19)
(29, 12, 1.570042899082083, 19)
(29, 14, 1.570042899082083, 19)
(29, 15, 1.570042899082083, 19)
(29, 17, 1.570042899082083, 19)
(29, 18, 1.570042899082083, 19)
(29, 19, 1.570042899082083, 19)
(29, 21, 1.570042899082083, 19)
(29, 22, 1.570042899082083, 19)
(29, 24, 1.570042899082083, 19)
(29, 26, 1.570042899082083, 19)
(29, 27, 1.570042899082083, 19)
(29, 29, 1.570042899082083, 19)
(29, 30, 1.570042899082083, 19)
(29, 31, 1.570042899082083, 19)
(29, 32, 1.570042899082083, 19)
(29, 33, 1.570042899082083, 19)
(29, 34, 1.570042899082083, 19)
(29, 35, 1.570042899082083, 19)
(29, 37, 1.570042899082083, 19)
(29, 38, 1.570042899082083, 19)
(29, 39, 1.570042899082083, 19)
(30, 1, 1.4130386091738747, 19)
(30, 2, 1.4130386091738747, 19)
(30, 3, 1.4130386091738747, 19)
(30, 5, 1.4130386091738747, 19)
(30, 6, 1.4130386091738747, 19)
(30, 7, 1.4130386091738747, 19)
(30, 10, 1.4130386091738747, 19)
(30, 11, 1.4130386091738747, 19)
(30, 12, 1.4130386091738747, 19)
(30, 13, 1.4130386091738747, 19)
(30, 14, 1.4130386091738747, 19)
(30, 17, 1.4130386091738747, 19)
(30, 18, 1.4130386091738747, 19)
(30, 20, 1.4130386091738747, 19)
(30, 21, 1.4130386091738747, 19)
(30, 23, 1.4130386091738747, 19)
(30, 25, 1.4130386091738747, 19)
(30, 26, 1.4130386091738747, 19)
(30, 27, 1.4130386091738747, 19)
(30, 28, 1.4130386091738747, 19)
(30, 29, 1.4130386091738747, 19)
(30, 30, 1.4130386091738747, 19)
(30, 31, 1.4130386091738747, 19)
(30, 32, 1.4130386091738747, 19)
(30, 33, 1.4130386091738747, 19)
(30, 34, 1.4130386091738747, 19)
(30, 35, 1.4130386091738747, 19)
(30, 37, 1.4130386091738747, 19)
(30, 40, 1.4130386091738747, 19)
(30, 41, 1.4130386091738747, 19)
(31, 1, 1.2717347482564874, 19)
(31, 4, 1.2717347482564874, 19)
(31, 5, 1.2717347482564874, 19)
(31, 6, 1.2717347482564874, 19)
(31, 7, 1.2717347482564874, 19)
(31, 9, 1.2717347482564874, 19)
(31, 10, 1.2717347482564874, 19)
(31, 11, 1.2717347482564874, 19)
(31, 12, 1.2717347482564874, 19)
(31, 13, 1.2717347482564874, 19)
(31, 14, 1.2717347482564874, 19)
(31, 15, 1.2717347482564874, 19)
(31, 16, 1.2717347482564874, 19)
(31, 17, 1.2717347482564874, 19)
(31, 18, 1.2717347482564874, 19)
(31, 21, 1.2717347482564874, 19)
(31, 22, 1.2717347482564874, 19)
(31, 23, 1.2717347482564874, 19)
(31, 24, 1.2717347482564874, 19)
(31, 25, 1.2717347482564874, 19)
(31, 26, 1.2717347482564874, 19)
(31, 27, 1.2717347482564874, 19)
(31, 28, 1.2717347482564874, 19)
(31, 29, 1.2717347482564874, 19)
(31, 31, 1.2717347482564874, 19)
(31, 32, 1.2717347482564874, 19)
(31, 33, 1.2717347482564874, 19)
(31, 34, 1.2717347482564874, 19)
(31, 35, 1.2717347482564874, 19)
(31, 37, 1.2717347482564874, 19)
(32, 1, 1.1445612734308386, 19)
(32, 2, 1.1445612734308386, 19)
(32, 3, 1.1445612734308386, 19)
(32, 4, 1.1445612734308386, 19)
(32, 5, 1.1445612734308386, 19)
(32, 6, 1.1445612734308386, 19)
(32, 7, 1.1445612734308386, 19)
(32, 8, 1.1445612734308386, 19)
(32, 9, 1.1445612734308386, 19)
(32, 10, 1.1445612734308386, 19)
(32, 11, 1.1445612734308386, 19)
(32, 12, 1.1445612734308386, 19)
(32, 14, 1.1445612734308386, 19)
(32, 16, 1.1445612734308386, 19)
(32, 18, 1.1445612734308386, 19)
(32, 19, 1.1445612734308386, 19)
(32, 20, 1.1445612734308386, 19)
(32, 22, 1.1445612734308386, 19)
(32, 23, 1.1445612734308386, 19)
(32, 25, 1.1445612734308386, 19)
(32, 26, 1.1445612734308386, 19)
(32, 28, 1.1445612734308386, 19)
(32, 33, 1.1445612734308386, 19)
(32, 34, 1.1445612734308386, 19)
(32, 36, 1.1445612734308386, 19)
(32, 39, 1.1445612734308386, 19)
(32, 40, 1.1445612734308386, 19)
(32, 41, 1.1445612734308386, 19)
(32, 42, 1.1445612734308386, 19)
(32, 43, 1.1445612734308386, 19)
(33, 1, 1.0301051460877548, 19)
(33, 2, 1.0301051460877548, 19)
(33, 3, 1.0301051460877548, 19)
(33, 5, 1.0301051460877548, 19)
(33, 6, 1.0301051460877548, 19)
(33, 7, 1.0301051460877548, 19)
(33, 8, 1.0301051460877548, 19)
(33, 9, 1.0301051460877548, 19)
(33, 10, 1.0301051460877548, 19)
(33, 12, 1.0301051460877548, 19)
(33, 14, 1.0301051460877548, 19)
(33, 15, 1.0301051460877548, 19)
(33, 16, 1.0301051460877548, 19)
(33, 17, 1.0301051460877548, 19)
(33, 19, 1.0301051460877548, 19)
(33, 21, 1.0301051460877548, 19)
(33, 23, 1.0301051460877548, 19)
(33, 24, 1.0301051460877548, 19)
(33, 25, 1.0301051460877548, 19)
(33, 26, 1.0301051460877548, 19)
(33, 28, 1.0301051460877548, 19)
(33, 29, 1.0301051460877548, 19)
(33, 30, 1.0301051460877548, 19)
(33, 31, 1.0301051460877548, 19)
(33, 32, 1.0301051460877548, 19)
(33, 33, 1.0301051460877548, 19)
(33, 34, 1.0301051460877548, 19)
(33, 35, 1.0301051460877548, 19)
(33, 36, 1.0301051460877548, 19)
(33, 37, 1.0301051460877548, 19)
(34, 1, 0.9270946314789794, 19)
(34, 2, 0.9270946314789794, 19)
(34, 3, 0.9270946314789794, 19)
(34, 4, 0.9270946314789794, 19)
(34, 5, 0.9270946314789794, 19)
(34, 6, 0.9270946314789794, 19)
(34, 7, 0.9270946314789794, 19)
(34, 8, 0.9270946314789794, 19)
(34, 9, 0.9270946314789794, 19)
(34, 10, 0.9270946314789794, 19)
(34, 11, 0.9270946314789794, 19)
(34, 12, 0.9270946314789794, 19)
(34, 13, 0.9270946314789794, 19)
(34, 16, 0.9270946314789794, 19)
(34, 17, 0.9270946314789794, 19)
(34, 18, 0.9270946314789794, 19)
(34, 19, 0.9270946314789794, 19)
(34, 20, 0.9270946314789794, 19)
(34, 21, 0.9270946314789794, 19)
(34, 22, 0.9270946314789794, 19)
(34, 24, 0.9270946314789794, 19)
(34, 25, 0.9270946314789794, 19)
(34, 26, 0.9270946314789794, 19)
(34, 27, 0.9270946314789794, 19)
(34, 28, 0.9270946314789794, 19)
(34, 29, 0.9270946314789794, 19)
(34, 31, 0.9270946314789794, 19)
(34, 32, 0.9270946314789794, 19)
(34, 34, 0.9270946314789794, 19)
(34, 35, 0.9270946314789794, 19)
(35, 2, 0.8343851683310815, 19)
(35, 3, 0.8343851683310815, 19)
(35, 4, 0.8343851683310815, 19)
(35, 5, 0.8343851683310815, 19)
(35, 6, 0.8343851683310815, 19)
(35, 7, 0.8343851683310815, 19)
(35, 8, 0.8343851683310815, 19)
(35, 9, 0.8343851683310815, 19)
(35, 10, 0.8343851683310815, 19)
(35, 11, 0.8343851683310815, 19)
(35, 12, 0.8343851683310815, 19)
(35, 13, 0.8343851683310815, 19)
(35, 14, 0.8343851683310815, 19)
(35, 15, 0.8343851683310815, 19)
(35, 16, 0.8343851683310815, 19)
(35, 18, 0.8343851683310815, 19)
(35, 19, 0.8343851683310815, 19)
(35, 20, 0.8343851683310815, 19)
(35, 22, 0.8343851683310815, 19)
(35, 23, 0.8343851683310815, 19)
(35, 24, 0.8343851683310815, 19)
(35, 26, 0.8343851683310815, 19)
(35, 27, 0.8343851683310815, 19)
(35, 28, 0.8343851683310815, 19)
(35, 29, 0.8343851683310815, 19)
(35, 30, 0.8343851683310815, 19)
(35, 31, 0.8343851683310815, 19)
(35, 32, 0.8343851683310815, 19)
(35, 33, 0.8343851683310815, 19)
(35, 34, 0.8343851683310815, 19)
(36, 1, 0.7509466514979733, 19)
(36, 2, 0.7509466514979733, 19)
(36, 3, 0.7509466514979733, 19)
(36, 4, 0.7509466514979733, 19)
(36, 5, 0.7509466514979733, 19)
(36, 8, 0.7509466514979733, 19)
(36, 9, 0.7509466514979733, 19)
(36, 10, 0.7509466514979733, 19)
(36, 11, 0.7509466514979733, 19)
(36, 13, 0.7509466514979733, 19)
(36, 14, 0.7509466514979733, 19)
(36, 15, 0.7509466514979733, 19)
(36, 16, 0.7509466514979733, 19)
(36, 17, 0.7509466514979733, 19)
(36, 19, 0.7509466514979733, 19)
(36, 20, 0.7509466514979733, 19)
(36, 21, 0.7509466514979733, 19)
(36, 23, 0.7509466514979733, 19)
(36, 24, 0.7509466514979733, 19)
(36, 25, 0.7509466514979733, 19)
(36, 26, 0.7509466514979733, 19)
(36, 27, 0.7509466514979733, 19)
(36, 28, 0.7509466514979733, 19)
(36, 29, 0.7509466514979733, 19)
(36, 30, 0.7509466514979733, 19)
(36, 31, 0.7509466514979733, 19)
(36, 32, 0.7509466514979733, 19)
(36, 34, 0.7509466514979733, 19)
(36, 36, 0.7509466514979733, 19)
(36, 37, 0.7509466514979733, 19)
(37, 1, 0.675851986348176, 19)
(37, 2, 0.675851986348176, 19)
(37, 3, 0.675851986348176, 19)
(37, 4, 0.675851986348176, 19)
(37, 5, 0.675851986348176, 19)
(37, 6, 0.675851986348176, 19)
(37, 7, 0.675851986348176, 19)
(37, 8, 0.675851986348176, 19)
(37, 9, 0.675851986348176, 19)
(37, 10, 0.675851986348176, 19)
(37, 11, 0.675851986348176, 19)
(37, 12, 0.675851986348176, 19)
(37, 13, 0.675851986348176, 19)
(37, 14, 0.675851986348176, 19)
(37, 15, 0.675851986348176, 19)
(37, 17, 0.675851986348176, 19)
(37, 18, 0.675851986348176, 19)
(37, 19, 0.675851986348176, 19)
(37, 20, 0.675851986348176, 19)
(37, 21, 0.675851986348176, 19)
(37, 22, 0.675851986348176, 19)
(37, 23, 0.675851986348176, 19)
(37, 24, 0.675851986348176, 19)
(37, 26, 0.675851986348176, 19)
(37, 27, 0.675851986348176, 19)
(37, 28, 0.675851986348176, 19)
(37, 29, 0.675851986348176, 19)
(37, 30, 0.675851986348176, 19)
(37, 31, 0.675851986348176, 19)
(37, 32, 0.675851986348176, 19)
(38, 1, 0.6082667877133584, 19)
(38, 2, 0.6082667877133584, 19)
(38, 3, 0.6082667877133584, 19)
(38, 4, 0.6082667877133584, 19)
(38, 5, 0.6082667877133584, 19)
(38, 6, 0.6082667877133584, 19)
(38, 7, 0.6082667877133584, 19)
(38, 8, 0.6082667877133584, 19)
(38, 9, 0.6082667877133584, 19)
(38, 10, 0.6082667877133584, 19)
(38, 11, 0.6082667877133584, 18)
(38, 12, 0.6082667877133584, 18)
(38, 13, 0.6082667877133584, 18)
(38, 14, 0.6082667877133584, 18)
(38, 17, 0.6082667877133584, 18)
(38, 18, 0.6082667877133584, 18)
(38, 19, 0.6082667877133584, 18)
(38, 20, 0.6082667877133584, 18)
(38, 21, 0.6082667877133584, 18)
(38, 22, 0.6082667877133584, 18)
(38, 24, 0.6082667877133584, 18)
(38, 25, 0.6082667877133584, 18)
(38, 26, 0.6082667877133584, 18)
(38, 27, 0.6082667877133584, 18)
(38, 28, 0.6082667877133584, 18)
(38, 29, 0.6082667877133584, 18)
(38, 30, 0.6082667877133584, 18)
(38, 31, 0.6082667877133584, 18)
(38, 32, 0.6082667877133584, 18)
(38, 33, 0.6082667877133584, 18)
(39, 1, 0.5474401089420226, 18)
(39, 2, 0.5474401089420226, 18)
(39, 4, 0.5474401089420226, 18)
(39, 5, 0.5474401089420226, 18)
(39, 7, 0.5474401089420226, 18)
(39, 8, 0.5474401089420226, 18)
(39, 9, 0.5474401089420226, 18)
(39, 10, 0.5474401089420226, 18)
(39, 11, 0.5474401089420226, 18)
(39, 12, 0.5474401089420226, 18)
(39, 13, 0.5474401089420226, 18)
(39, 14, 0.5474401089420226, 18)
(39, 16, 0.5474401089420226, 18)
(39, 17, 0.5474401089420226, 18)
(39, 18, 0.5474401089420226, 18)
(39, 19, 0.5474401089420226, 18)
(39, 22, 0.5474401089420226, 18)
(39, 23, 0.5474401089420226, 18)
(39, 24, 0.5474401089420226, 18)
(39, 25, 0.5474401089420226, 18)
(39, 26, 0.5474401089420226, 18)
(39, 28, 0.5474401089420226, 18)
(39, 30, 0.5474401089420226, 18)
(39, 31, 0.5474401089420226, 18)
(39, 32, 0.5474401089420226, 18)
(39, 33, 0.5474401089420226, 18)
(39, 34, 0.5474401089420226, 18)
(39, 36, 0.5474401089420226, 18)
(39, 37, 0.5474401089420226, 18)
(39, 38, 0.5474401089420226, 18)
(40, 1, 0.49269609804782033, 18)
(40, 2, 0.49269609804782033, 18)
(40, 3, 0.49269609804782033, 18)
(40, 5, 0.49269609804782033, 18)
(40, 6, 0.49269609804782033, 18)
(40, 7, 0.49269609804782033, 18)
(40, 8, 0.49269609804782033, 18)
(40, 10, 0.49269609804782033, 18)
(40, 11, 0.49269609804782033, 18)
(40, 12, 0.49269609804782033, 18)
(40, 13, 0.49269609804782033, 18)
(40, 15, 0.49269609804782033, 18)
(40, 16, 0.49269609804782033, 18)
(40, 18, 0.49269609804782033, 18)
(40, 19, 0.49269609804782033, 18)
(40, 20, 0.49269609804782033, 18)
(40, 21, 0.49269609804782033, 18)
(40, 22, 0.49269609804782033, 18)
(40, 24, 0.49269609804782033, 18)
(40, 26, 0.49269609804782033, 18)
(40, 28, 0.49269609804782033, 18)
(40, 29, 0.49269609804782033, 18)
(40, 30, 0.49269609804782033, 18)
(40, 31, 0.49269609804782033, 18)
(40, 32, 0.49269609804782033, 18)
(40, 33, 0.49269609804782033, 18)
(40, 35, 0.49269609804782033, 18)
(40, 36, 0.49269609804782033, 18)
(40, 37, 0.49269609804782033, 18)
(40, 39, 0.49269609804782033, 18)
(41, 1, 0.4434264882430383, 18)
(41, 2, 0.4434264882430383, 18)
(41, 3, 0.4434264882430383, 18)
(41, 4, 0.4434264882430383, 18)
(41, 5, 0.4434264882430383, 18)
(41, 6, 0.4434264882430383, 18)
(41, 8, 0.4434264882430383, 18)
(41, 9, 0.4434264882430383, 18)
(41, 10, 0.4434264882430383, 18)
(41, 11, 0.4434264882430383, 18)
(41, 12, 0.4434264882430383, 18)
(41, 13, 0.4434264882430383, 18)
(41, 14, 0.4434264882430383, 18)
(41, 15, 0.4434264882430383, 18)
(41, 17, 0.4434264882430383, 18)
(41, 19, 0.4434264882430383, 18)
(41, 20, 0.4434264882430383, 18)
(41, 21, 0.4434264882430383, 18)
(41, 22, 0.4434264882430383, 18)
(41, 24, 0.4434264882430383, 18)
(41, 25, 0.4434264882430383, 18)
(41, 26, 0.4434264882430383, 18)
(41, 27, 0.4434264882430383, 18)
(41, 28, 0.4434264882430383, 18)
(41, 29, 0.4434264882430383, 18)
(41, 32, 0.4434264882430383, 18)
(41, 33, 0.4434264882430383, 18)
(41, 34, 0.4434264882430383, 18)
(41, 36, 0.4434264882430383, 18)
(41, 37, 0.4434264882430383, 18)
(42, 1, 0.3990838394187345, 18)
(42, 2, 0.3990838394187345, 18)
(42, 3, 0.3990838394187345, 18)
(42, 4, 0.3990838394187345, 18)
(42, 6, 0.3990838394187345, 18)
(42, 7, 0.3990838394187345, 18)
(42, 8, 0.3990838394187345, 18)
(42, 9, 0.3990838394187345, 18)
(42, 10, 0.3990838394187345, 18)
(42, 11, 0.3990838394187345, 18)
(42, 13, 0.3990838394187345, 18)
(42, 15, 0.3990838394187345, 18)
(42, 16, 0.3990838394187345, 18)
(42, 17, 0.3990838394187345, 18)
(42, 18, 0.3990838394187345, 18)
(42, 19, 0.3990838394187345, 18)
(42, 20, 0.3990838394187345, 18)
(42, 21, 0.3990838394187345, 18)
(42, 22, 0.3990838394187345, 18)
(42, 23, 0.3990838394187345, 18)
(42, 24, 0.3990838394187345, 18)
(42, 26, 0.3990838394187345, 18)
(42, 27, 0.3990838394187345, 18)
(42, 28, 0.3990838394187345, 18)
(42, 29, 0.3990838394187345, 18)
(42, 30, 0.3990838394187345, 18)
(42, 33, 0.3990838394187345, 18)
(42, 34, 0.3990838394187345, 18)
(42, 35, 0.3990838394187345, 18)
(42, 36, 0.3990838394187345, 18)
(43, 1, 0.359175455476861, 18)
(43, 2, 0.359175455476861, 18)
(43, 5, 0.359175455476861, 18)
(43, 6, 0.359175455476861, 18)
(43, 7, 0.359175455476861, 18)
(43, 8, 0.359175455476861, 18)
(43, 9, 0.359175455476861, 18)
(43, 10, 0.359175455476861, 18)
(43, 11, 0.359175455476861, 18)
(43, 12, 0.359175455476861, 18)
(43, 13, 0.359175455476861, 18)
(43, 14, 0.359175455476861, 18)
(43, 15, 0.359175455476861, 18)
(43, 16, 0.359175455476861, 18)
(43, 18, 0.359175455476861, 18)
(43, 19, 0.359175455476861, 18)
(43, 20, 0.359175455476861, 18)
(43, 21, 0.359175455476861, 18)
(43, 22, 0.359175455476861, 18)
(43, 24, 0.359175455476861, 18)
(43, 25, 0.359175455476861, 18)
(43, 26, 0.359175455476861, 18)
(43, 27, 0.359175455476861, 18)
(43, 28, 0.359175455476861, 18)
(43, 29, 0.359175455476861, 18)
(43, 32, 0.359175455476861, 18)
(43, 33, 0.359175455476861, 18)
(43, 34, 0.359175455476861, 18)
(43, 35, 0.359175455476861, 18)
(43, 36, 0.359175455476861, 18)
(44, 3, 0.3232579099291749, 18)
(44, 5, 0.3232579099291749, 18)
(44, 6, 0.3232579099291749, 18)
(44, 7, 0.3232579099291749, 18)
(44, 8, 0.3232579099291749, 18)
(44, 9, 0.3232579099291749, 18)
(44, 10, 0.3232579099291749, 18)
(44, 11, 0.3232579099291749, 18)
(44, 12, 0.3232579099291749, 18)
(44, 13, 0.3232579099291749, 18)
(44, 14, 0.3232579099291749, 18)
(44, 15, 0.3232579099291749, 18)
(44, 16, 0.3232579099291749, 18)
(44, 19, 0.3232579099291749, 18)
(44, 20, 0.3232579099291749, 18)
(44, 21, 0.3232579099291749, 18)
(44, 24, 0.3232579099291749, 18)
(44, 25, 0.3232579099291749, 18)
(44, 26, 0.3232579099291749, 18)
(44, 27, 0.3232579099291749, 18)
(44, 28, 0.3232579099291749, 18)
(44, 29, 0.3232579099291749, 18)
(44, 30, 0.3232579099291749, 18)
(44, 31, 0.3232579099291749, 18)
(44, 32, 0.3232579099291749, 18)
(44, 34, 0.3232579099291749, 18)
(44, 35, 0.3232579099291749, 18)
(44, 36, 0.3232579099291749, 18)
(44, 37, 0.3232579099291749, 18)
(44, 38, 0.3232579099291749, 18)
(45, 1, 0.2909321189362574, 18)
(45, 2, 0.2909321189362574, 18)
(45, 3, 0.2909321189362574, 18)
(45, 4, 0.2909321189362574, 18)
(45, 5, 0.2909321189362574, 18)
(45, 6, 0.2909321189362574, 18)
(45, 7, 0.2909321189362574, 18)
(45, 8, 0.2909321189362574, 18)
(45, 9, 0.2909321189362574, 18)
(45, 10, 0.2909321189362574, 18)
(45, 13, 0.2909321189362574, 18)
(45, 14, 0.2909321189362574, 18)
(45, 15, 0.2909321189362574, 18)
(45, 16, 0.2909321189362574, 18)
(45, 17, 0.2909321189362574, 18)
(45, 18, 0.2909321189362574, 18)
(45, 19, 0.2909321189362574, 18)
(45, 20, 0.2909321189362574, 18)
(45, 21, 0.2909321189362574, 18)
(45, 22, 0.2909321189362574, 18)
(45, 23, 0.2909321189362574, 18)
(45, 24, 0.2909321189362574, 18)
(45, 25, 0.2909321189362574, 18)
(45, 26, 0.2909321189362574, 18)
(45, 27, 0.2909321189362574, 18)
(45, 29, 0.2909321189362574, 18)
(45, 30, 0.2909321189362574, 18)
(45, 31, 0.2909321189362574, 18)
(45, 32, 0.2909321189362574, 18)
(45, 33, 0.2909321189362574, 18)
(46, 2, 0.2618389070426317, 18)
(46, 3, 0.2618389070426317, 18)
(46, 7, 0.2618389070426317, 18)
(46, 8, 0.2618389070426317, 18)
(46, 9, 0.2618389070426317, 18)
(46, 10, 0.2618389070426317, 18)
(46, 11, 0.2618389070426317, 18)
(46, 13, 0.2618389070426317, 18)
(46, 14, 0.2618389070426317, 18)
(46, 15, 0.2618389070426317, 18)
(46, 16, 0.2618389070426317, 18)
(46, 17, 0.2618389070426317, 18)
(46, 18, 0.2618389070426317, 18)
(46, 19, 0.2618389070426317, 18)
(46, 20, 0.2618389070426317, 18)
(46, 21, 0.2618389070426317, 18)
(46, 22, 0.2618389070426317, 18)
(46, 23, 0.2618389070426317, 18)
(46, 24, 0.2618389070426317, 18)
(46, 26, 0.2618389070426317, 18)
(46, 27, 0.2618389070426317, 18)
(46, 28, 0.2618389070426317, 18)
(46, 29, 0.2618389070426317, 18)
(46, 30, 0.2618389070426317, 18)
(46, 31, 0.2618389070426317, 18)
(46, 32, 0.2618389070426317, 18)
(46, 33, 0.2618389070426317, 18)
(46, 34, 0.2618389070426317, 18)
(46, 35, 0.2618389070426317, 18)
(46, 37, 0.2618389070426317, 18)
(47, 1, 0.23565501633836852, 18)
(47, 2, 0.23565501633836852, 18)
(47, 3, 0.23565501633836852, 18)
(47, 4, 0.23565501633836852, 18)
(47, 5, 0.23565501633836852, 18)
(47, 6, 0.23565501633836852, 18)
(47, 7, 0.23565501633836852, 18)
(47, 8, 0.23565501633836852, 18)
(47, 10, 0.23565501633836852, 18)
(47, 13, 0.23565501633836852, 18)
(47, 14, 0.23565501633836852, 18)
(47, 15, 0.23565501633836852, 18)
(47, 16, 0.23565501633836852, 18)
(47, 17, 0.23565501633836852, 18)
(47, 18, 0.23565501633836852, 14)
(47, 19, 0.23565501633836852, 14)
(47, 20, 0.23565501633836852, 14)
(47, 21, 0.23565501633836852, 14)
(47, 22, 0.23565501633836852, 14)
(47, 24, 0.23565501633836852, 14)
(47, 25, 0.23565501633836852, 14)
(47, 27, 0.23565501633836852, 14)
(47, 28, 0.23565501633836852, 14)
(47, 29, 0.23565501633836852, 14)
(47, 30, 0.23565501633836852, 14)
(47, 31, 0.23565501633836852, 14)
(47, 32, 0.23565501633836852, 14)
(47, 33, 0.23565501633836852, 14)
(47, 34, 0.23565501633836852, 14)
(47, 35, 0.23565501633836852, 14)
(48, 1, 0.21208951470453166, 14)
(48, 3, 0.21208951470453166, 14)
(48, 4, 0.21208951470453166, 14)
(48, 5, 0.21208951470453166, 14)
(48, 6, 0.21208951470453166, 14)
(48, 7, 0.21208951470453166, 14)
(48, 8, 0.21208951470453166, 14)
(48, 9, 0.21208951470453166, 14)
(48, 10, 0.21208951470453166, 14)
(48, 11, 0.21208951470453166, 14)
(48, 14, 0.21208951470453166, 14)
(48, 15, 0.21208951470453166, 14)
(48, 16, 0.21208951470453166, 14)
(48, 17, 0.21208951470453166, 14)
(48, 18, 0.21208951470453166, 14)
(48, 19, 0.21208951470453166, 14)
(48, 20, 0.21208951470453166, 14)
(48, 21, 0.21208951470453166, 14)
(48, 23, 0.21208951470453166, 14)
(48, 24, 0.21208951470453166, 14)
(48, 25, 0.21208951470453166, 14)
(48, 26, 0.21208951470453166, 14)
(48, 28, 0.21208951470453166, 14)
(48, 30, 0.21208951470453166, 14)
(48, 31, 0.21208951470453166, 14)
(48, 32, 0.21208951470453166, 14)
(48, 33, 0.21208951470453166, 14)
(48, 34, 0.21208951470453166, 14)
(48, 35, 0.21208951470453166, 14)
(48, 36, 0.21208951470453166, 14)
(49, 2, 0.1908805632340785, 14)
(49, 3, 0.1908805632340785, 14)
(49, 4, 0.1908805632340785, 14)
(49, 5, 0.1908805632340785, 14)
(49, 6, 0.1908805632340785, 14)
(49, 8, 0.1908805632340785, 14)
(49, 9, 0.1908805632340785, 14)
(49, 10, 0.1908805632340785, 14)
(49, 11, 0.1908805632340785, 14)
(49, 12, 0.1908805632340785, 14)
(49, 13, 0.1908805632340785, 14)
(49, 14, 0.1908805632340785, 14)
(49, 15, 0.1908805632340785, 14)
(49, 16, 0.1908805632340785, 14)
(49, 17, 0.1908805632340785, 14)
(49, 18, 0.1908805632340785, 14)
(49, 19, 0.1908805632340785, 14)
(49, 20, 0.1908805632340785, 14)
(49, 21, 0.1908805632340785, 14)
(49, 22, 0.1908805632340785, 14)
(49, 23, 0.1908805632340785, 14)
(49, 24, 0.1908805632340785, 14)
(49, 25, 0.1908805632340785, 14)
(49, 26, 0.1908805632340785, 14)
(49, 27, 0.1908805632340785, 14)
(49, 28, 0.1908805632340785, 14)
(49, 29, 0.1908805632340785, 14)
(49, 30, 0.1908805632340785, 14)
(49, 31, 0.1908805632340785, 14)
(49, 33, 0.1908805632340785, 14)
(50, 1, 0.17179250691067066, 14)
(50, 2, 0.17179250691067066, 14)
(50, 3, 0.17179250691067066, 14)
(50, 4, 0.17179250691067066, 14)
(50, 5, 0.17179250691067066, 14)
(50, 6, 0.17179250691067066, 14)
(50, 7, 0.17179250691067066, 14)
(50, 8, 0.17179250691067066, 14)
(50, 9, 0.17179250691067066, 14)
(50, 10, 0.17179250691067066, 14)
(50, 11, 0.17179250691067066, 14)
(50, 12, 0.17179250691067066, 14)
(50, 13, 0.17179250691067066, 14)
(50, 15, 0.17179250691067066, 14)
(50, 16, 0.17179250691067066, 14)
(50, 17, 0.17179250691067066, 14)
(50, 18, 0.17179250691067066, 14)
(50, 20, 0.17179250691067066, 14)
(50, 21, 0.17179250691067066, 14)
(50, 22, 0.17179250691067066, 14)
(50, 23, 0.17179250691067066, 14)
(50, 24, 0.17179250691067066, 14)
(50, 25, 0.17179250691067066, 14)
(50, 26, 0.17179250691067066, 14)
(50, 27, 0.17179250691067066, 14)
(50, 28, 0.17179250691067066, 14)
(50, 30, 0.17179250691067066, 14)
(50, 31, 0.17179250691067066, 14)
(50, 32, 0.17179250691067066, 14)
(50, 33, 0.17179250691067066, 14)
(51, 1, 0.1546132562196036, 14)
(51, 2, 0.1546132562196036, 14)
(51, 3, 0.1546132562196036, 14)
(51, 4, 0.1546132562196036, 14)
(51, 6, 0.1546132562196036, 14)
(51, 7, 0.1546132562196036, 14)
(51, 8, 0.1546132562196036, 14)
(51, 9, 0.1546132562196036, 14)
(51, 10, 0.1546132562196036, 14)
(51, 12, 0.1546132562196036, 14)
(51, 13, 0.1546132562196036, 14)
(51, 14, 0.1546132562196036, 14)
(51, 15, 0.1546132562196036, 14)
(51, 16, 0.1546132562196036, 14)
(51, 17, 0.1546132562196036, 14)
(51, 19, 0.1546132562196036, 14)
(51, 20, 0.1546132562196036, 14)
(51, 21, 0.1546132562196036, 14)
(51, 22, 0.1546132562196036, 14)
(51, 23, 0.1546132562196036, 14)
(51, 24, 0.1546132562196036, 14)
(51, 25, 0.1546132562196036, 14)
(51, 26, 0.1546132562196036, 14)
(51, 27, 0.1546132562196036, 14)
(51, 28, 0.1546132562196036, 14)
(51, 29, 0.1546132562196036, 14)
(51, 30, 0.1546132562196036, 14)
(51, 32, 0.1546132562196036, 14)
(51, 33, 0.1546132562196036, 14)
(51, 34, 0.1546132562196036, 14)
(52, 1, 0.13915193059764325, 14)
(52, 3, 0.13915193059764325, 14)
(52, 4, 0.13915193059764325, 14)
(52, 5, 0.13915193059764325, 14)
(52, 6, 0.13915193059764325, 14)
(52, 7, 0.13915193059764325, 14)
(52, 8, 0.13915193059764325, 14)
(52, 9, 0.13915193059764325, 14)
(52, 10, 0.13915193059764325, 14)
(52, 11, 0.13915193059764325, 14)
(52, 12, 0.13915193059764325, 14)
(52, 13, 0.13915193059764325, 14)
(52, 14, 0.13915193059764325, 14)
(52, 15, 0.13915193059764325, 14)
(52, 17, 0.13915193059764325, 14)
(52, 19, 0.13915193059764325, 14)
(52, 20, 0.13915193059764325, 14)
(52, 22, 0.13915193059764325, 14)
(52, 23, 0.13915193059764325, 14)
(52, 24, 0.13915193059764325, 14)
(52, 25, 0.13915193059764325, 14)
(52, 26, 0.13915193059764325, 14)
(52, 27, 0.13915193059764325, 14)
(52, 28, 0.13915193059764325, 14)
(52, 29, 0.13915193059764325, 14)
(52, 30, 0.13915193059764325, 14)
(52, 31, 0.13915193059764325, 14)
(52, 33, 0.13915193059764325, 14)
(52, 35, 0.13915193059764325, 14)
(52, 36, 0.13915193059764325, 14)
(53, 1, 0.12523673753787892, 14)
(53, 2, 0.12523673753787892, 14)
(53, 3, 0.12523673753787892, 14)
(53, 5, 0.12523673753787892, 14)
(53, 6, 0.12523673753787892, 14)
(53, 7, 0.12523673753787892, 14)
(53, 8, 0.12523673753787892, 14)
(53, 9, 0.12523673753787892, 14)
(53, 11, 0.12523673753787892, 14)
(53, 12, 0.12523673753787892, 14)
(53, 14, 0.12523673753787892, 14)
(53, 15, 0.12523673753787892, 14)
(53, 17, 0.12523673753787892, 14)
(53, 18, 0.12523673753787892, 12)
(53, 19, 0.12523673753787892, 12)
(53, 20, 0.12523673753787892, 12)
(53, 21, 0.12523673753787892, 12)
(53, 22, 0.12523673753787892, 12)
(53, 23, 0.12523673753787892, 12)
(53, 25, 0.12523673753787892, 12)
(53, 26, 0.12523673753787892, 12)
(53, 28, 0.12523673753787892, 12)
(53, 30, 0.12523673753787892, 12)
(53, 31, 0.12523673753787892, 12)
(53, 32, 0.12523673753787892, 12)
(53, 33, 0.12523673753787892, 12)
(53, 34, 0.12523673753787892, 12)
(53, 35, 0.12523673753787892, 12)
(53, 37, 0.12523673753787892, 12)
(53, 38, 0.12523673753787892, 12)
(54, 1, 0.11271306378409103, 12)
(54, 2, 0.11271306378409103, 12)
(54, 4, 0.11271306378409103, 12)
(54, 5, 0.11271306378409103, 12)
(54, 8, 0.11271306378409103, 12)
(54, 9, 0.11271306378409103, 12)
(54, 11, 0.11271306378409103, 12)
(54, 12, 0.11271306378409103, 12)
(54, 14, 0.11271306378409103, 12)
(54, 15, 0.11271306378409103, 12)
(54, 16, 0.11271306378409103, 12)
(54, 17, 0.11271306378409103, 12)
(54, 19, 0.11271306378409103, 12)
(54, 20, 0.11271306378409103, 12)
(54, 22, 0.11271306378409103, 12)
(54, 24, 0.11271306378409103, 12)
(54, 26, 0.11271306378409103, 12)
(54, 27, 0.11271306378409103, 12)
(54, 28, 0.11271306378409103, 12)
(54, 30, 0.11271306378409103, 12)
(54, 31, 0.11271306378409103, 12)
(54, 32, 0.11271306378409103, 12)
(54, 33, 0.11271306378409103, 12)
(54, 34, 0.11271306378409103, 12)
(54, 35, 0.11271306378409103, 12)
(54, 36, 0.11271306378409103, 12)
(54, 38, 0.11271306378409103, 12)
(54, 39, 0.11271306378409103, 12)
(54, 41, 0.11271306378409103, 12)
(54, 42, 0.11271306378409103, 12)
(55, 1, 0.10144175740568193, 12)
(55, 3, 0.10144175740568193, 12)
(55, 5, 0.10144175740568193, 12)
(55, 6, 0.10144175740568193, 12)
(55, 7, 0.10144175740568193, 12)
(55, 8, 0.10144175740568193, 12)
(55, 9, 0.10144175740568193, 12)
(55, 10, 0.10144175740568193, 12)
(55, 11, 0.10144175740568193, 12)
(55, 12, 0.10144175740568193, 12)
(55, 15, 0.10144175740568193, 12)
(55, 16, 0.10144175740568193, 12)
(55, 17, 0.10144175740568193, 12)
(55, 18, 0.10144175740568193, 12)
(55, 19, 0.10144175740568193, 12)
(55, 20, 0.10144175740568193, 12)
(55, 21, 0.10144175740568193, 12)
(55, 22, 0.10144175740568193, 12)
(55, 24, 0.10144175740568193, 12)
(55, 25, 0.10144175740568193, 12)
(55, 26, 0.10144175740568193, 12)
(55, 27, 0.10144175740568193, 12)
(55, 28, 0.10144175740568193, 12)
(55, 29, 0.10144175740568193, 12)
(55, 30, 0.10144175740568193, 12)
(55, 31, 0.10144175740568193, 12)
(55, 32, 0.10144175740568193, 12)
(55, 34, 0.10144175740568193, 12)
(55, 35, 0.10144175740568193, 12)
(55, 38, 0.10144175740568193, 12)
(56, 1, 0.09129758166511373, 12)
(56, 2, 0.09129758166511373, 12)
(56, 3, 0.09129758166511373, 12)
(56, 4, 0.09129758166511373, 12)
(56, 5, 0.09129758166511373, 12)
(56, 6, 0.09129758166511373, 12)
(56, 7, 0.09129758166511373, 12)
(56, 9, 0.09129758166511373, 12)
(56, 10, 0.09129758166511373, 12)
(56, 11, 0.09129758166511373, 12)
(56, 12, 0.09129758166511373, 12)
(56, 14, 0.09129758166511373, 12)
(56, 15, 0.09129758166511373, 12)
(56, 16, 0.09129758166511373, 12)
(56, 17, 0.09129758166511373, 12)
(56, 18, 0.09129758166511373, 12)
(56, 21, 0.09129758166511373, 12)
(56, 22, 0.09129758166511373, 12)
(56, 24, 0.09129758166511373, 12)
(56, 25, 0.09129758166511373, 12)
(56, 27, 0.09129758166511373, 12)
(56, 28, 0.09129758166511373, 12)
(56, 29, 0.09129758166511373, 12)
(56, 30, 0.09129758166511373, 12)
(56, 31, 0.09129758166511373, 12)
(56, 32, 0.09129758166511373, 12)
(56, 34, 0.09129758166511373, 12)
(56, 36, 0.09129758166511373, 12)
(56, 37, 0.09129758166511373, 12)
(56, 39, 0.09129758166511373, 12)
(57, 1, 0.08216782349860235, 12)
(57, 2, 0.08216782349860235, 12)
(57, 3, 0.08216782349860235, 12)
(57, 5, 0.08216782349860235, 12)
(57, 6, 0.08216782349860235, 12)
(57, 8, 0.08216782349860235, 12)
(57, 9, 0.08216782349860235, 12)
(57, 10, 0.08216782349860235, 12)
(57, 11, 0.08216782349860235, 12)
(57, 12, 0.08216782349860235, 12)
(57, 14, 0.08216782349860235, 12)
(57, 15, 0.08216782349860235, 12)
(57, 16, 0.08216782349860235, 12)
(57, 17, 0.08216782349860235, 12)
(57, 19, 0.08216782349860235, 12)
(57, 21, 0.08216782349860235, 12)
(57, 22, 0.08216782349860235, 12)
(57, 23, 0.08216782349860235, 12)
(57, 24, 0.08216782349860235, 12)
(57, 25, 0.08216782349860235, 12)
(57, 27, 0.08216782349860235, 12)
(57, 28, 0.08216782349860235, 12)
(57, 29, 0.08216782349860235, 12)
(57, 30, 0.08216782349860235, 12)
(57, 31, 0.08216782349860235, 12)
(57, 32, 0.08216782349860235, 12)
(57, 33, 0.08216782349860235, 12)
(57, 34, 0.08216782349860235, 12)
(57, 35, 0.08216782349860235, 12)
(57, 36, 0.08216782349860235, 12)
(58, 1, 0.07395104114874212, 12)
(58, 4, 0.07395104114874212, 12)
(58, 5, 0.07395104114874212, 12)
(58, 6, 0.07395104114874212, 12)
(58, 7, 0.07395104114874212, 12)
(58, 8, 0.07395104114874212, 12)
(58, 9, 0.07395104114874212, 12)
(58, 10, 0.07395104114874212, 12)
(58, 11, 0.07395104114874212, 12)
(58, 12, 0.07395104114874212, 12)
(58, 13, 0.07395104114874212, 12)
(58, 14, 0.07395104114874212, 12)
(58, 15, 0.07395104114874212, 12)
(58, 16, 0.07395104114874212, 12)
(58, 18, 0.07395104114874212, 12)
(58, 19, 0.07395104114874212, 12)
(58, 20, 0.07395104114874212, 12)
(58, 22, 0.07395104114874212, 12)
(58, 23, 0.07395104114874212, 12)
(58, 24, 0.07395104114874212, 12)
(58, 25, 0.07395104114874212, 12)
(58, 28, 0.07395104114874212, 12)
(58, 29, 0.07395104114874212, 12)
(58, 30, 0.07395104114874212, 12)
(58, 31, 0.07395104114874212, 12)
(58, 32, 0.07395104114874212, 12)
(58, 33, 0.07395104114874212, 12)
(58, 34, 0.07395104114874212, 12)
(58, 35, 0.07395104114874212, 12)
(58, 36, 0.07395104114874212, 12)
(59, 1, 0.06655593703386792, 12)
(59, 2, 0.06655593703386792, 12)
(59, 3, 0.06655593703386792, 12)
(59, 4, 0.06655593703386792, 12)
(59, 5, 0.06655593703386792, 12)
(59, 8, 0.06655593703386792, 12)
(59, 10, 0.06655593703386792, 12)
(59, 11, 0.06655593703386792, 12)
(59, 12, 0.06655593703386792, 12)
(59, 14, 0.06655593703386792, 12)
(59, 15, 0.06655593703386792, 12)
(59, 16, 0.06655593703386792, 12)
(59, 17, 0.06655593703386792, 12)
(59, 18, 0.06655593703386792, 12)
(59, 19, 0.06655593703386792, 12)
(59, 20, 0.06655593703386792, 12)
(59, 22, 0.06655593703386792, 12)
(59, 23, 0.06655593703386792, 12)
(59, 25, 0.06655593703386792, 12)
(59, 26, 0.06655593703386792, 12)
(59, 27, 0.06655593703386792, 12)
(59, 28, 0.06655593703386792, 12)
(59, 29, 0.06655593703386792, 12)
(59, 30, 0.06655593703386792, 10)
(59, 31, 0.06655593703386792, 10)
(59, 32, 0.06655593703386792, 10)
(59, 33, 0.06655593703386792, 10)
(59, 34, 0.06655593703386792, 10)
(59, 36, 0.06655593703386792, 10)
(59, 37, 0.06655593703386792, 10)
(60, 1, 0.05990034333048113, 10)
(60, 2, 0.05990034333048113, 10)
(60, 3, 0.05990034333048113, 10)
(60, 5, 0.05990034333048113, 10)
(60, 6, 0.05990034333048113, 10)
(60, 7, 0.05990034333048113, 10)
(60, 8, 0.05990034333048113, 10)
(60, 9, 0.05990034333048113, 10)
(60, 11, 0.05990034333048113, 10)
(60, 12, 0.05990034333048113, 10)
(60, 13, 0.05990034333048113, 10)
(60, 14, 0.05990034333048113, 10)
(60, 15, 0.05990034333048113, 10)
(60, 16, 0.05990034333048113, 10)
(60, 17, 0.05990034333048113, 10)
(60, 18, 0.05990034333048113, 10)
(60, 19, 0.05990034333048113, 10)
(60, 20, 0.05990034333048113, 10)
(60, 22, 0.05990034333048113, 10)
(60, 23, 0.05990034333048113, 10)
(60, 25, 0.05990034333048113, 10)
(60, 26, 0.05990034333048113, 10)
(60, 29, 0.05990034333048113, 10)
(60, 30, 0.05990034333048113, 10)
(60, 31, 0.05990034333048113, 10)
(60, 32, 0.05990034333048113, 10)
(60, 33, 0.05990034333048113, 10)
(60, 34, 0.05990034333048113, 10)
(60, 36, 0.05990034333048113, 10)
(60, 37, 0.05990034333048113, 10)
(61, 1, 0.053910308997433015, 10)
(61, 2, 0.053910308997433015, 10)
(61, 3, 0.053910308997433015, 10)
(61, 5, 0.053910308997433015, 10)
(61, 6, 0.053910308997433015, 10)
(61, 7, 0.053910308997433015, 10)
(61, 10, 0.053910308997433015, 10)
(61, 12, 0.053910308997433015, 10)
(61, 13, 0.053910308997433015, 10)
(61, 14, 0.053910308997433015, 10)
(61, 15, 0.053910308997433015, 10)
(61, 16, 0.053910308997433015, 10)
(61, 17, 0.053910308997433015, 10)
(61, 18, 0.053910308997433015, 10)
(61, 19, 0.053910308997433015, 10)
(61, 20, 0.053910308997433015, 10)
(61, 22, 0.053910308997433015, 10)
(61, 23, 0.053910308997433015, 10)
(61, 24, 0.053910308997433015, 10)
(61, 25, 0.053910308997433015, 10)
(61, 26, 0.053910308997433015, 10)
(61, 27, 0.053910308997433015, 10)
(61, 28, 0.053910308997433015, 10)
(61, 29, 0.053910308997433015, 10)
(61, 30, 0.053910308997433015, 10)
(61, 31, 0.053910308997433015, 10)
(61, 32, 0.053910308997433015, 10)
(61, 33, 0.053910308997433015, 10)
(61, 34, 0.053910308997433015, 10)
(61, 35, 0.053910308997433015, 10)
(62, 5, 0.048519278097689716, 10)
(62, 7, 0.048519278097689716, 10)
(62, 8, 0.048519278097689716, 10)
(62, 9, 0.048519278097689716, 10)
(62, 10, 0.048519278097689716, 10)
(62, 11, 0.048519278097689716, 10)
(62, 12, 0.048519278097689716, 10)
(62, 14, 0.048519278097689716, 10)
(62, 15, 0.048519278097689716, 10)
(62, 16, 0.048519278097689716, 10)
(62, 17, 0.048519278097689716, 10)
(62, 19, 0.048519278097689716, 10)
(62, 20, 0.048519278097689716, 10)
(62, 21, 0.048519278097689716, 10)
(62, 22, 0.048519278097689716, 10)
(62, 23, 0.048519278097689716, 10)
(62, 24, 0.048519278097689716, 10)
(62, 25, 0.048519278097689716, 10)
(62, 26, 0.048519278097689716, 10)
(62, 27, 0.048519278097689716, 10)
(62, 28, 0.048519278097689716, 10)
(62, 29, 0.048519278097689716, 10)
(62, 30, 0.048519278097689716, 10)
(62, 31, 0.048519278097689716, 10)
(62, 33, 0.048519278097689716, 10)
(62, 34, 0.048519278097689716, 10)
(62, 35, 0.048519278097689716, 10)
(62, 36, 0.048519278097689716, 10)
(62, 38, 0.048519278097689716, 10)
(62, 39, 0.048519278097689716, 10)
(63, 1, 0.04366735028792074, 10)
(63, 2, 0.04366735028792074, 10)
(63, 4, 0.04366735028792074, 10)
(63, 5, 0.04366735028792074, 10)
(63, 7, 0.04366735028792074, 10)
(63, 8, 0.04366735028792074, 10)
(63, 9, 0.04366735028792074, 10)
(63, 10, 0.04366735028792074, 10)
(63, 11, 0.04366735028792074, 10)
(63, 12, 0.04366735028792074, 10)
(63, 13, 0.04366735028792074, 10)
(63, 14, 0.04366735028792074, 10)
(63, 15, 0.04366735028792074, 10)
(63, 16, 0.04366735028792074, 10)
(63, 17, 0.04366735028792074, 10)
(63, 19, 0.04366735028792074, 10)
(63, 21, 0.04366735028792074, 10)
(63, 22, 0.04366735028792074, 10)
(63, 23, 0.04366735028792074, 10)
(63, 24, 0.04366735028792074, 10)
(63, 25, 0.04366735028792074, 10)
(63, 26, 0.04366735028792074, 10)
(63, 27, 0.04366735028792074, 10)
(63, 28, 0.04366735028792074, 10)
(63, 30, 0.04366735028792074, 10)
(63, 31, 0.04366735028792074, 10)
(63, 32, 0.04366735028792074, 10)
(63, 33, 0.04366735028792074, 10)
(63, 34, 0.04366735028792074, 10)
(63, 35, 0.04366735028792074, 10)
(64, 1, 0.03930061525912867, 10)
(64, 2, 0.03930061525912867, 10)
(64, 3, 0.03930061525912867, 10)
(64, 4, 0.03930061525912867, 10)
(64, 5, 0.03930061525912867, 10)
(64, 7, 0.03930061525912867, 10)
(64, 8, 0.03930061525912867, 10)
(64, 9, 0.03930061525912867, 10)
(64, 11, 0.03930061525912867, 10)
(64, 12, 0.03930061525912867, 10)
(64, 13, 0.03930061525912867, 10)
(64, 14, 0.03930061525912867, 10)
(64, 15, 0.03930061525912867, 10)
(64, 17, 0.03930061525912867, 10)
(64, 18, 0.03930061525912867, 10)
(64, 20, 0.03930061525912867, 10)
(64, 21, 0.03930061525912867, 10)
(64, 22, 0.03930061525912867, 10)
(64, 23, 0.03930061525912867, 10)
(64, 25, 0.03930061525912867, 10)
(64, 26, 0.03930061525912867, 10)
(64, 27, 0.03930061525912867, 10)
(64, 28, 0.03930061525912867, 10)
(64, 29, 0.03930061525912867, 10)
(64, 30, 0.03930061525912867, 10)
(64, 31, 0.03930061525912867, 10)
(64, 32, 0.03930061525912867, 10)
(64, 33, 0.03930061525912867, 10)
(64, 37, 0.03930061525912867, 10)
(64, 39, 0.03930061525912867, 10)
(65, 1, 0.0353705537332158, 10)
(65, 2, 0.0353705537332158, 10)
(65, 3, 0.0353705537332158, 10)
(65, 5, 0.0353705537332158, 10)
(65, 7, 0.0353705537332158, 10)
(65, 9, 0.0353705537332158, 10)
(65, 10, 0.0353705537332158, 10)
(65, 11, 0.0353705537332158, 10)
(65, 12, 0.0353705537332158, 10)
(65, 13, 0.0353705537332158, 10)
(65, 14, 0.0353705537332158, 10)
(65, 15, 0.0353705537332158, 10)
(65, 16, 0.0353705537332158, 10)
(65, 17, 0.0353705537332158, 10)
(65, 19, 0.0353705537332158, 10)
(65, 20, 0.0353705537332158, 10)
(65, 22, 0.0353705537332158, 10)
(65, 23, 0.0353705537332158, 10)
(65, 24, 0.0353705537332158, 10)
(65, 25, 0.0353705537332158, 10)
(65, 27, 0.0353705537332158, 10)
(65, 28, 0.0353705537332158, 10)
(65, 29, 0.0353705537332158, 10)
(65, 30, 0.0353705537332158, 10)
(65, 31, 0.0353705537332158, 10)
(65, 32, 0.0353705537332158, 10)
(65, 33, 0.0353705537332158, 10)
(65, 34, 0.0353705537332158, 10)
(65, 35, 0.0353705537332158, 10)
(65, 36, 0.0353705537332158, 10)
(66, 1, 0.03183349835989422, 10)
(66, 2, 0.03183349835989422, 10)
(66, 3, 0.03183349835989422, 10)
(66, 5, 0.03183349835989422, 10)
(66, 6, 0.03183349835989422, 10)
(66, 8, 0.03183349835989422, 10)
(66, 9, 0.03183349835989422, 10)
(66, 10, 0.03183349835989422, 10)
(66, 11, 0.03183349835989422, 10)
(66, 12, 0.03183349835989422, 10)
(66, 13, 0.03183349835989422, 10)
(66, 14, 0.03183349835989422, 10)
(66, 15, 0.03183349835989422, 10)
(66, 16, 0.03183349835989422, 10)
(66, 17, 0.03183349835989422, 10)
(66, 18, 0.03183349835989422, 10)
(66, 19, 0.03183349835989422, 10)
(66, 20, 0.03183349835989422, 10)
(66, 21, 0.03183349835989422, 10)
(66, 23, 0.03183349835989422, 10)
(66, 24, 0.03183349835989422, 10)
(66, 27, 0.03183349835989422, 10)
(66, 29, 0.03183349835989422, 10)
(66, 31, 0.03183349835989422, 10)
(66, 32, 0.03183349835989422, 10)
(66, 33, 0.03183349835989422, 10)
(66, 34, 0.03183349835989422, 10)
(66, 35, 0.03183349835989422, 10)
(66, 37, 0.03183349835989422, 10)
(66, 38, 0.03183349835989422, 10)
(67, 2, 0.0286501485239048, 10)
(67, 3, 0.0286501485239048, 10)
(67, 4, 0.0286501485239048, 10)
(67, 5, 0.0286501485239048, 10)
(67, 6, 0.0286501485239048, 10)
(67, 7, 0.0286501485239048, 10)
(67, 9, 0.0286501485239048, 10)
(67, 12, 0.0286501485239048, 10)
(67, 13, 0.0286501485239048, 10)
(67, 14, 0.0286501485239048, 10)
(67, 15, 0.0286501485239048, 10)
(67, 16, 0.0286501485239048, 10)
(67, 17, 0.0286501485239048, 10)
(67, 18, 0.0286501485239048, 10)
(67, 20, 0.0286501485239048, 10)
(67, 22, 0.0286501485239048, 10)
(67, 23, 0.0286501485239048, 10)
(67, 24, 0.0286501485239048, 10)
(67, 25, 0.0286501485239048, 10)
(67, 26, 0.0286501485239048, 10)
(67, 27, 0.0286501485239048, 10)
(67, 28, 0.0286501485239048, 10)
(67, 29, 0.0286501485239048, 10)
(67, 32, 0.0286501485239048, 10)
(67, 35, 0.0286501485239048, 10)
(67, 37, 0.0286501485239048, 10)
(67, 38, 0.0286501485239048, 10)
(67, 39, 0.0286501485239048, 10)
(67, 40, 0.0286501485239048, 10)
(67, 43, 0.0286501485239048, 10)
(68, 2, 0.025785133671514318, 10)
(68, 3, 0.025785133671514318, 10)
(68, 4, 0.025785133671514318, 10)
(68, 5, 0.025785133671514318, 10)
(68, 6, 0.025785133671514318, 10)
(68, 7, 0.025785133671514318, 10)
(68, 9, 0.025785133671514318, 10)
(68, 10, 0.025785133671514318, 10)
(68, 11, 0.025785133671514318, 10)
(68, 12, 0.025785133671514318, 10)
(68, 13, 0.025785133671514318, 10)
(68, 14, 0.025785133671514318, 10)
(68, 15, 0.025785133671514318, 10)
(68, 16, 0.025785133671514318, 10)
(68, 17, 0.025785133671514318, 10)
(68, 18, 0.025785133671514318, 10)
(68, 19, 0.025785133671514318, 10)
(68, 20, 0.025785133671514318, 10)
(68, 21, 0.025785133671514318, 10)
(68, 22, 0.025785133671514318, 10)
(68, 23, 0.025785133671514318, 10)
(68, 24, 0.025785133671514318, 10)
(68, 25, 0.025785133671514318, 10)
(68, 26, 0.025785133671514318, 10)
(68, 27, 0.025785133671514318, 10)
(68, 28, 0.025785133671514318, 10)
(68, 29, 0.025785133671514318, 10)
(68, 30, 0.025785133671514318, 10)
(68, 31, 0.025785133671514318, 10)
(68, 33, 0.025785133671514318, 10)
(69, 1, 0.023206620304362886, 10)
(69, 3, 0.023206620304362886, 10)
(69, 4, 0.023206620304362886, 10)
(69, 5, 0.023206620304362886, 10)
(69, 6, 0.023206620304362886, 10)
(69, 7, 0.023206620304362886, 10)
(69, 8, 0.023206620304362886, 10)
(69, 9, 0.023206620304362886, 10)
(69, 10, 0.023206620304362886, 10)
(69, 11, 0.023206620304362886, 10)
(69, 12, 0.023206620304362886, 10)
(69, 14, 0.023206620304362886, 10)
(69, 19, 0.023206620304362886, 10)
(69, 20, 0.023206620304362886, 10)
(69, 23, 0.023206620304362886, 10)
(69, 24, 0.023206620304362886, 10)
(69, 26, 0.023206620304362886, 10)
(69, 27, 0.023206620304362886, 10)
(69, 28, 0.023206620304362886, 10)
(69, 29, 0.023206620304362886, 10)
(69, 30, 0.023206620304362886, 10)
(69, 31, 0.023206620304362886, 10)
(69, 32, 0.023206620304362886, 10)
(69, 33, 0.023206620304362886, 10)
(69, 34, 0.023206620304362886, 10)
(69, 36, 0.023206620304362886, 10)
(69, 37, 0.023206620304362886, 10)
(69, 39, 0.023206620304362886, 10)
(69, 40, 0.023206620304362886, 10)
(69, 43, 0.023206620304362886, 10)
(70, 1, 0.0208859582739266, 10)
(70, 3, 0.0208859582739266, 10)
(70, 4, 0.0208859582739266, 10)
(70, 6, 0.0208859582739266, 10)
(70, 8, 0.0208859582739266, 10)
(70, 15, 0.0208859582739266, 10)
(70, 16, 0.0208859582739266, 10)
(70, 18, 0.0208859582739266, 10)
(70, 19, 0.0208859582739266, 10)
(70, 22, 0.0208859582739266, 10)
(70, 23, 0.0208859582739266, 10)
(70, 24, 0.0208859582739266, 10)
(70, 25, 0.0208859582739266, 10)
(70, 26, 0.0208859582739266, 10)
(70, 27, 0.0208859582739266, 10)
(70, 29, 0.0208859582739266, 10)
(70, 30, 0.0208859582739266, 10)
(70, 31, 0.0208859582739266, 10)
(70, 32, 0.0208859582739266, 10)
(70, 34, 0.0208859582739266, 10)
(70, 35, 0.0208859582739266, 10)
(70, 37, 0.0208859582739266, 10)
(70, 38, 0.0208859582739266, 10)
(70, 39, 0.0208859582739266, 10)
(70, 40, 0.0208859582739266, 10)
(70, 41, 0.0208859582739266, 10)
(70, 42, 0.0208859582739266, 10)
(70, 44, 0.0208859582739266, 10)
(70, 45, 0.0208859582739266, 10)
(70, 46, 0.0208859582739266, 10)
(71, 1, 0.01879736244653394, 10)
(71, 2, 0.01879736244653394, 10)
(71, 3, 0.01879736244653394, 10)
(71, 4, 0.01879736244653394, 10)
(71, 5, 0.01879736244653394, 10)
(71, 7, 0.01879736244653394, 10)
(71, 9, 0.01879736244653394, 10)
(71, 10, 0.01879736244653394, 10)
(71, 11, 0.01879736244653394, 10)
(71, 12, 0.01879736244653394, 10)
(71, 13, 0.01879736244653394, 10)
(71, 14, 0.01879736244653394, 10)
(71, 15, 0.01879736244653394, 10)
(71, 16, 0.01879736244653394, 10)
(71, 17, 0.01879736244653394, 10)
(71, 18, 0.01879736244653394, 10)
(71, 19, 0.01879736244653394, 10)
(71, 20, 0.01879736244653394, 10)
(71, 22, 0.01879736244653394, 10)
(71, 24, 0.01879736244653394, 10)
(71, 25, 0.01879736244653394, 10)
(71, 26, 0.01879736244653394, 10)
(71, 27, 0.01879736244653394, 10)
(71, 28, 0.01879736244653394, 10)
(71, 29, 0.01879736244653394, 10)
(71, 31, 0.01879736244653394, 10)
(71, 32, 0.01879736244653394, 10)
(71, 33, 0.01879736244653394, 10)
(71, 35, 0.01879736244653394, 10)
(71, 36, 0.01879736244653394, 10)
(72, 1, 0.016917626201880545, 10)
(72, 2, 0.016917626201880545, 10)
(72, 3, 0.016917626201880545, 10)
(72, 4, 0.016917626201880545, 10)
(72, 5, 0.016917626201880545, 10)
(72, 6, 0.016917626201880545, 10)
(72, 7, 0.016917626201880545, 10)
(72, 8, 0.016917626201880545, 10)
(72, 9, 0.016917626201880545, 10)
(72, 10, 0.016917626201880545, 10)
(72, 11, 0.016917626201880545, 10)
(72, 12, 0.016917626201880545, 10)
(72, 14, 0.016917626201880545, 10)
(72, 15, 0.016917626201880545, 10)
(72, 16, 0.016917626201880545, 10)
(72, 17, 0.016917626201880545, 10)
(72, 18, 0.016917626201880545, 10)
(72, 19, 0.016917626201880545, 10)
(72, 20, 0.016917626201880545, 10)
(72, 21, 0.016917626201880545, 10)
(72, 22, 0.016917626201880545, 10)
(72, 23, 0.016917626201880545, 10)
(72, 25, 0.016917626201880545, 10)
(72, 26, 0.016917626201880545, 10)
(72, 27, 0.016917626201880545, 10)
(72, 28, 0.016917626201880545, 10)
(72, 29, 0.016917626201880545, 10)
(72, 30, 0.016917626201880545, 10)
(72, 31, 0.016917626201880545, 10)
(72, 32, 0.016917626201880545, 10)
(73, 1, 0.01522586358169249, 10)
(73, 2, 0.01522586358169249, 10)
(73, 5, 0.01522586358169249, 10)
(73, 6, 0.01522586358169249, 10)
(73, 7, 0.01522586358169249, 10)
(73, 8, 0.01522586358169249, 10)
(73, 9, 0.01522586358169249, 10)
(73, 10, 0.01522586358169249, 10)
(73, 12, 0.01522586358169249, 10)
(73, 13, 0.01522586358169249, 10)
(73, 14, 0.01522586358169249, 10)
(73, 15, 0.01522586358169249, 10)
(73, 16, 0.01522586358169249, 10)
(73, 17, 0.01522586358169249, 10)
(73, 18, 0.01522586358169249, 10)
(73, 20, 0.01522586358169249, 10)
(73, 21, 0.01522586358169249, 10)
(73, 22, 0.01522586358169249, 10)
(73, 23, 0.01522586358169249, 10)
(73, 24, 0.01522586358169249, 10)
(73, 25, 0.01522586358169249, 10)
(73, 27, 0.01522586358169249, 10)
(73, 28, 0.01522586358169249, 10)
(73, 29, 0.01522586358169249, 10)
(73, 30, 0.01522586358169249, 10)
(73, 31, 0.01522586358169249, 10)
(73, 32, 0.01522586358169249, 10)
(73, 33, 0.01522586358169249, 10)
(73, 34, 0.01522586358169249, 10)
(73, 35, 0.01522586358169249, 10)
(74, 1, 0.013703277223523241, 10)
(74, 2, 0.013703277223523241, 10)
(74, 3, 0.013703277223523241, 10)
(74, 4, 0.013703277223523241, 10)
(74, 5, 0.013703277223523241, 10)
(74, 6, 0.013703277223523241, 10)
(74, 8, 0.013703277223523241, 10)
(74, 9, 0.013703277223523241, 10)
(74, 10, 0.013703277223523241, 10)
(74, 11, 0.013703277223523241, 10)
(74, 12, 0.013703277223523241, 10)
(74, 13, 0.013703277223523241, 10)
(74, 14, 0.013703277223523241, 10)
(74, 15, 0.013703277223523241, 10)
(74, 16, 0.013703277223523241, 10)
(74, 17, 0.013703277223523241, 10)
(74, 18, 0.013703277223523241, 10)
(74, 19, 0.013703277223523241, 10)
(74, 20, 0.013703277223523241, 10)
(74, 22, 0.013703277223523241, 10)
(74, 23, 0.013703277223523241, 10)
(74, 24, 0.013703277223523241, 10)
(74, 26, 0.013703277223523241, 10)
(74, 27, 0.013703277223523241, 10)
(74, 30, 0.013703277223523241, 10)
(74, 31, 0.013703277223523241, 10)
(74, 32, 0.013703277223523241, 10)
(74, 33, 0.013703277223523241, 10)
(74, 38, 0.013703277223523241, 10)
(74, 39, 0.013703277223523241, 10)
(75, 2, 0.012332949501170918, 10)
(75, 3, 0.012332949501170918, 10)
(75, 4, 0.012332949501170918, 10)
(75, 5, 0.012332949501170918, 10)
(75, 6, 0.012332949501170918, 10)
(75, 7, 0.012332949501170918, 10)
(75, 10, 0.012332949501170918, 10)
(75, 11, 0.012332949501170918, 10)
(75, 12, 0.012332949501170918, 10)
(75, 13, 0.012332949501170918, 10)
(75, 14, 0.012332949501170918, 10)
(75, 15, 0.012332949501170918, 10)
(75, 16, 0.012332949501170918, 10)
(75, 19, 0.012332949501170918, 10)
(75, 21, 0.012332949501170918, 10)
(75, 24, 0.012332949501170918, 10)
(75, 25, 0.012332949501170918, 10)
(75, 26, 0.012332949501170918, 10)
(75, 28, 0.012332949501170918, 10)
(75, 30, 0.012332949501170918, 10)
(75, 32, 0.012332949501170918, 10)
(75, 33, 0.012332949501170918, 10)
(75, 34, 0.012332949501170918, 10)
(75, 35, 0.012332949501170918, 10)
(75, 36, 0.012332949501170918, 10)
(75, 37, 0.012332949501170918, 10)
(75, 38, 0.012332949501170918, 10)
(75, 39, 0.012332949501170918, 10)
(75, 40, 0.012332949501170918, 10)
(75, 41, 0.012332949501170918, 10)
(76, 1, 0.011099654551053826, 10)
(76, 3, 0.011099654551053826, 10)
(76, 5, 0.011099654551053826, 10)
(76, 6, 0.011099654551053826, 10)
(76, 7, 0.011099654551053826, 10)
(76, 8, 0.011099654551053826, 10)
(76, 10, 0.011099654551053826, 10)
(76, 11, 0.011099654551053826, 10)
(76, 12, 0.011099654551053826, 10)
(76, 13, 0.011099654551053826, 10)
(76, 14, 0.011099654551053826, 10)
(76, 15, 0.011099654551053826, 10)
(76, 16, 0.011099654551053826, 10)
(76, 17, 0.011099654551053826, 10)
(76, 18, 0.011099654551053826, 10)
(76, 19, 0.011099654551053826, 10)
(76, 20, 0.011099654551053826, 10)
(76, 21, 0.011099654551053826, 10)
(76, 22, 0.011099654551053826, 10)
(76, 24, 0.011099654551053826, 10)
(76, 25, 0.011099654551053826, 10)
(76, 26, 0.011099654551053826, 10)
(76, 27, 0.011099654551053826, 10)
(76, 28, 0.011099654551053826, 10)
(76, 29, 0.011099654551053826, 10)
(76, 30, 0.011099654551053826, 10)
(76, 32, 0.011099654551053826, 10)
(76, 33, 0.011099654551053826, 10)
(76, 36, 0.011099654551053826, 10)
(76, 38, 0.011099654551053826, 10)
(77, 1, 0.009989689095948443, 10)
(77, 2, 0.009989689095948443, 10)
(77, 4, 0.009989689095948443, 10)
(77, 5, 0.009989689095948443, 10)
(77, 6, 0.009989689095948443, 10)
(77, 7, 0.009989689095948443, 10)
(77, 8, 0.009989689095948443, 10)
(77, 9, 0.009989689095948443, 10)
(77, 10, 0.009989689095948443, 10)
(77, 11, 0.009989689095948443, 10)
(77, 12, 0.009989689095948443, 10)
(77, 13, 0.009989689095948443, 10)
(77, 14, 0.009989689095948443, 10)
(77, 15, 0.009989689095948443, 10)
(77, 16, 0.009989689095948443, 10)
(77, 17, 0.009989689095948443, 10)
(77, 18, 0.009989689095948443, 10)
(77, 19, 0.009989689095948443, 10)
(77, 20, 0.009989689095948443, 10)
(77, 21, 0.009989689095948443, 10)
(77, 23, 0.009989689095948443, 10)
(77, 24, 0.009989689095948443, 10)
(77, 25, 0.009989689095948443, 10)
(77, 26, 0.009989689095948443, 10)
(77, 27, 0.009989689095948443, 10)
(77, 28, 0.009989689095948443, 10)
(77, 30, 0.009989689095948443, 10)
(77, 31, 0.009989689095948443, 10)
(77, 32, 0.009989689095948443, 10)
(77, 33, 0.009989689095948443, 10)
(78, 1, 0.0089907201863536, 10)
(78, 2, 0.0089907201863536, 10)
(78, 3, 0.0089907201863536, 10)
(78, 6, 0.0089907201863536, 10)
(78, 7, 0.0089907201863536, 10)
(78, 8, 0.0089907201863536, 10)
(78, 9, 0.0089907201863536, 10)
(78, 10, 0.0089907201863536, 10)
(78, 11, 0.0089907201863536, 10)
(78, 13, 0.0089907201863536, 10)
(78, 14, 0.0089907201863536, 10)
(78, 15, 0.0089907201863536, 10)
(78, 16, 0.0089907201863536, 10)
(78, 18, 0.0089907201863536, 10)
(78, 20, 0.0089907201863536, 10)
(78, 21, 0.0089907201863536, 10)
(78, 22, 0.0089907201863536, 10)
(78, 23, 0.0089907201863536, 10)
(78, 24, 0.0089907201863536, 10)
(78, 25, 0.0089907201863536, 10)
(78, 26, 0.0089907201863536, 10)
(78, 27, 0.0089907201863536, 10)
(78, 28, 0.0089907201863536, 10)
(78, 30, 0.0089907201863536, 10)
(78, 31, 0.0089907201863536, 10)
(78, 34, 0.0089907201863536, 10)
(78, 35, 0.0089907201863536, 10)
(78, 36, 0.0089907201863536, 10)
(78, 37, 0.0089907201863536, 10)
(78, 38, 0.0089907201863536, 10)
(79, 1, 0.00809164816771824, 10)
(79, 2, 0.00809164816771824, 10)
(79, 3, 0.00809164816771824, 10)
(79, 4, 0.00809164816771824, 10)
(79, 5, 0.00809164816771824, 10)
(79, 6, 0.00809164816771824, 10)
(79, 7, 0.00809164816771824, 10)
(79, 8, 0.00809164816771824, 10)
(79, 9, 0.00809164816771824, 10)
(79, 10, 0.00809164816771824, 10)
(79, 12, 0.00809164816771824, 10)
(79, 13, 0.00809164816771824, 10)
(79, 14, 0.00809164816771824, 10)
(79, 15, 0.00809164816771824, 10)
(79, 16, 0.00809164816771824, 10)
(79, 17, 0.00809164816771824, 10)
(79, 18, 0.00809164816771824, 10)
(79, 19, 0.00809164816771824, 10)
(79, 20, 0.00809164816771824, 10)
(79, 21, 0.00809164816771824, 10)
(79, 22, 0.00809164816771824, 10)
(79, 23, 0.00809164816771824, 10)
(79, 25, 0.00809164816771824, 10)
(79, 26, 0.00809164816771824, 10)
(79, 27, 0.00809164816771824, 10)
(79, 28, 0.00809164816771824, 10)
(79, 29, 0.00809164816771824, 10)
(79, 30, 0.00809164816771824, 10)
(79, 31, 0.00809164816771824, 10)
(79, 33, 0.00809164816771824, 10)
(80, 1, 0.007282483350946416, 10)
(80, 2, 0.007282483350946416, 10)
(80, 4, 0.007282483350946416, 10)
(80, 6, 0.007282483350946416, 10)
(80, 7, 0.007282483350946416, 10)
(80, 8, 0.007282483350946416, 10)
(80, 9, 0.007282483350946416, 10)
(80, 10, 0.007282483350946416, 10)
(80, 11, 0.007282483350946416, 10)
(80, 13, 0.007282483350946416, 10)
(80, 14, 0.007282483350946416, 10)
(80, 15, 0.007282483350946416, 10)
(80, 16, 0.007282483350946416, 10)
(80, 17, 0.007282483350946416, 10)
(80, 18, 0.007282483350946416, 10)
(80, 19, 0.007282483350946416, 10)
(80, 20, 0.007282483350946416, 10)
(80, 21, 0.007282483350946416, 10)
(80, 22, 0.007282483350946416, 10)
(80, 23, 0.007282483350946416, 10)
(80, 24, 0.007282483350946416, 10)
(80, 25, 0.007282483350946416, 10)
(80, 27, 0.007282483350946416, 10)
(80, 28, 0.007282483350946416, 10)
(80, 30, 0.007282483350946416, 10)
(80, 31, 0.007282483350946416, 10)
(80, 32, 0.007282483350946416, 10)
(80, 33, 0.007282483350946416, 10)
(80, 34, 0.007282483350946416, 10)
(80, 35, 0.007282483350946416, 10)
(81, 2, 0.006554235015851775, 10)
(81, 3, 0.006554235015851775, 10)
(81, 4, 0.006554235015851775, 10)
(81, 5, 0.006554235015851775, 10)
(81, 6, 0.006554235015851775, 10)
(81, 7, 0.006554235015851775, 10)
(81, 8, 0.006554235015851775, 10)
(81, 9, 0.006554235015851775, 10)
(81, 10, 0.006554235015851775, 10)
(81, 11, 0.006554235015851775, 10)
(81, 12, 0.006554235015851775, 10)
(81, 13, 0.006554235015851775, 10)
(81, 14, 0.006554235015851775, 10)
(81, 15, 0.006554235015851775, 10)
(81, 16, 0.006554235015851775, 10)
(81, 17, 0.006554235015851775, 10)
(81, 18, 0.006554235015851775, 10)
(81, 19, 0.006554235015851775, 10)
(81, 20, 0.006554235015851775, 10)
(81, 23, 0.006554235015851775, 10)
(81, 24, 0.006554235015851775, 10)
(81, 26, 0.006554235015851775, 10)
(81, 27, 0.006554235015851775, 10)
(81, 28, 0.006554235015851775, 10)
(81, 29, 0.006554235015851775, 10)
(81, 32, 0.006554235015851775, 10)
(81, 33, 0.006554235015851775, 10)
(81, 35, 0.006554235015851775, 10)
(81, 36, 0.006554235015851775, 10)
(81, 37, 0.006554235015851775, 10)
(82, 1, 0.0058988115142665975, 10)
(82, 3, 0.0058988115142665975, 10)
(82, 4, 0.0058988115142665975, 10)
(82, 5, 0.0058988115142665975, 10)
(82, 8, 0.0058988115142665975, 10)
(82, 9, 0.0058988115142665975, 10)
(82, 10, 0.0058988115142665975, 10)
(82, 11, 0.0058988115142665975, 10)
(82, 12, 0.0058988115142665975, 10)
(82, 13, 0.0058988115142665975, 10)
(82, 14, 0.0058988115142665975, 10)
(82, 17, 0.0058988115142665975, 10)
(82, 18, 0.0058988115142665975, 10)
(82, 19, 0.0058988115142665975, 10)
(82, 21, 0.0058988115142665975, 10)
(82, 23, 0.0058988115142665975, 10)
(82, 24, 0.0058988115142665975, 10)
(82, 25, 0.0058988115142665975, 10)
(82, 26, 0.0058988115142665975, 10)
(82, 27, 0.0058988115142665975, 10)
(82, 28, 0.0058988115142665975, 10)
(82, 29, 0.0058988115142665975, 10)
(82, 30, 0.0058988115142665975, 10)
(82, 32, 0.0058988115142665975, 10)
(82, 33, 0.0058988115142665975, 10)
(82, 34, 0.0058988115142665975, 10)
(82, 35, 0.0058988115142665975, 10)
(82, 36, 0.0058988115142665975, 10)
(82, 38, 0.0058988115142665975, 10)
(82, 39, 0.0058988115142665975, 10)
(83, 1, 0.005308930362839938, 10)
(83, 2, 0.005308930362839938, 10)
(83, 5, 0.005308930362839938, 10)
(83, 6, 0.005308930362839938, 10)
(83, 7, 0.005308930362839938, 10)
(83, 9, 0.005308930362839938, 10)
(83, 12, 0.005308930362839938, 10)
(83, 15, 0.005308930362839938, 10)
(83, 17, 0.005308930362839938, 10)
(83, 18, 0.005308930362839938, 10)
(83, 19, 0.005308930362839938, 10)
(83, 20, 0.005308930362839938, 10)
(83, 21, 0.005308930362839938, 10)
(83, 22, 0.005308930362839938, 10)
(83, 24, 0.005308930362839938, 10)
(83, 25, 0.005308930362839938, 10)
(83, 26, 0.005308930362839938, 10)
(83, 27, 0.005308930362839938, 10)
(83, 28, 0.005308930362839938, 10)
(83, 30, 0.005308930362839938, 10)
(83, 31, 0.005308930362839938, 10)
(83, 32, 0.005308930362839938, 10)
(83, 34, 0.005308930362839938, 10)
(83, 37, 0.005308930362839938, 10)
(83, 38, 0.005308930362839938, 10)
(83, 39, 0.005308930362839938, 10)
(83, 41, 0.005308930362839938, 10)
(83, 42, 0.005308930362839938, 10)
(83, 43, 0.005308930362839938, 10)
(83, 44, 0.005308930362839938, 10)
(84, 1, 0.004778037326555944, 10)
(84, 2, 0.004778037326555944, 10)
(84, 4, 0.004778037326555944, 10)
(84, 7, 0.004778037326555944, 10)
(84, 8, 0.004778037326555944, 10)
(84, 9, 0.004778037326555944, 10)
(84, 11, 0.004778037326555944, 10)
(84, 13, 0.004778037326555944, 10)
(84, 14, 0.004778037326555944, 10)
(84, 16, 0.004778037326555944, 10)
(84, 17, 0.004778037326555944, 10)
(84, 18, 0.004778037326555944, 10)
(84, 19, 0.004778037326555944, 10)
(84, 21, 0.004778037326555944, 10)
(84, 22, 0.004778037326555944, 10)
(84, 23, 0.004778037326555944, 10)
(84, 27, 0.004778037326555944, 10)
(84, 28, 0.004778037326555944, 10)
(84, 29, 0.004778037326555944, 10)
(84, 30, 0.004778037326555944, 10)
(84, 31, 0.004778037326555944, 10)
(84, 32, 0.004778037326555944, 10)
(84, 34, 0.004778037326555944, 10)
(84, 35, 0.004778037326555944, 10)
(84, 36, 0.004778037326555944, 10)
(84, 39, 0.004778037326555944, 10)
(84, 40, 0.004778037326555944, 10)
(84, 41, 0.004778037326555944, 10)
(84, 42, 0.004778037326555944, 10)
(84, 43, 0.004778037326555944, 10)
(85, 1, 0.00430023359390035, 10)
(85, 2, 0.00430023359390035, 10)
(85, 5, 0.00430023359390035, 10)
(85, 6, 0.00430023359390035, 10)
(85, 7, 0.00430023359390035, 10)
(85, 8, 0.00430023359390035, 10)
(85, 9, 0.00430023359390035, 10)
(85, 11, 0.00430023359390035, 10)
(85, 12, 0.00430023359390035, 10)
(85, 13, 0.00430023359390035, 10)
(85, 14, 0.00430023359390035, 10)
(85, 15, 0.00430023359390035, 10)
(85, 16, 0.00430023359390035, 10)
(85, 18, 0.00430023359390035, 10)
(85, 19, 0.00430023359390035, 10)
(85, 20, 0.00430023359390035, 10)
(85, 21, 0.00430023359390035, 10)
(85, 22, 0.00430023359390035, 10)
(85, 23, 0.00430023359390035, 10)
(85, 24, 0.00430023359390035, 10)
(85, 25, 0.00430023359390035, 10)
(85, 27, 0.00430023359390035, 10)
(85, 28, 0.00430023359390035, 10)
(85, 29, 0.00430023359390035, 10)
(85, 30, 0.00430023359390035, 10)
(85, 31, 0.00430023359390035, 10)
(85, 34, 0.00430023359390035, 10)
(85, 35, 0.00430023359390035, 10)
(85, 36, 0.00430023359390035, 10)
(85, 38, 0.00430023359390035, 10)
(86, 1, 0.0038702102345103155, 10)
(86, 2, 0.0038702102345103155, 10)
(86, 3, 0.0038702102345103155, 10)
(86, 4, 0.0038702102345103155, 10)
(86, 5, 0.0038702102345103155, 10)
(86, 6, 0.0038702102345103155, 10)
(86, 7, 0.0038702102345103155, 10)
(86, 8, 0.0038702102345103155, 10)
(86, 9, 0.0038702102345103155, 10)
(86, 10, 0.0038702102345103155, 10)
(86, 12, 0.0038702102345103155, 10)
(86, 13, 0.0038702102345103155, 10)
(86, 14, 0.0038702102345103155, 10)
(86, 15, 0.0038702102345103155, 10)
(86, 16, 0.0038702102345103155, 10)
(86, 17, 0.0038702102345103155, 10)
(86, 18, 0.0038702102345103155, 10)
(86, 19, 0.0038702102345103155, 10)
(86, 20, 0.0038702102345103155, 10)
(86, 21, 0.0038702102345103155, 10)
(86, 23, 0.0038702102345103155, 10)
(86, 24, 0.0038702102345103155, 10)
(86, 26, 0.0038702102345103155, 10)
(86, 27, 0.0038702102345103155, 10)
(86, 28, 0.0038702102345103155, 10)
(86, 29, 0.0038702102345103155, 10)
(86, 30, 0.0038702102345103155, 10)
(86, 31, 0.0038702102345103155, 10)
(86, 32, 0.0038702102345103155, 10)
(86, 33, 0.0038702102345103155, 10)
(87, 2, 0.003483189211059284, 10)
(87, 3, 0.003483189211059284, 10)
(87, 5, 0.003483189211059284, 10)
(87, 6, 0.003483189211059284, 10)
(87, 7, 0.003483189211059284, 10)
(87, 13, 0.003483189211059284, 10)
(87, 15, 0.003483189211059284, 10)
(87, 17, 0.003483189211059284, 10)
(87, 18, 0.003483189211059284, 10)
(87, 19, 0.003483189211059284, 10)
(87, 20, 0.003483189211059284, 10)
(87, 21, 0.003483189211059284, 10)
(87, 22, 0.003483189211059284, 10)
(87, 24, 0.003483189211059284, 10)
(87, 26, 0.003483189211059284, 10)
(87, 27, 0.003483189211059284, 10)
(87, 28, 0.003483189211059284, 10)
(87, 29, 0.003483189211059284, 10)
(87, 30, 0.003483189211059284, 10)
(87, 31, 0.003483189211059284, 10)
(87, 32, 0.003483189211059284, 10)
(87, 33, 0.003483189211059284, 10)
(87, 34, 0.003483189211059284, 10)
(87, 35, 0.003483189211059284, 10)
(87, 36, 0.003483189211059284, 10)
(87, 39, 0.003483189211059284, 10)
(87, 40, 0.003483189211059284, 10)
(87, 41, 0.003483189211059284, 10)
(87, 42, 0.003483189211059284, 10)
(87, 43, 0.003483189211059284, 10)
(88, 1, 0.0031348702899533557, 10)
(88, 2, 0.0031348702899533557, 10)
(88, 3, 0.0031348702899533557, 10)
(88, 4, 0.0031348702899533557, 10)
(88, 5, 0.0031348702899533557, 10)
(88, 6, 0.0031348702899533557, 10)
(88, 7, 0.0031348702899533557, 10)
(88, 8, 0.0031348702899533557, 10)
(88, 9, 0.0031348702899533557, 10)
(88, 10, 0.0031348702899533557, 10)
(88, 12, 0.0031348702899533557, 10)
(88, 13, 0.0031348702899533557, 10)
(88, 14, 0.0031348702899533557, 10)
(88, 15, 0.0031348702899533557, 10)
(88, 16, 0.0031348702899533557, 10)
(88, 18, 0.0031348702899533557, 10)
(88, 20, 0.0031348702899533557, 10)
(88, 21, 0.0031348702899533557, 10)
(88, 22, 0.0031348702899533557, 10)
(88, 23, 0.0031348702899533557, 10)
(88, 25, 0.0031348702899533557, 10)
(88, 26, 0.0031348702899533557, 10)
(88, 27, 0.0031348702899533557, 10)
(88, 28, 0.0031348702899533557, 10)
(88, 29, 0.0031348702899533557, 10)
(88, 32, 0.0031348702899533557, 10)
(88, 33, 0.0031348702899533557, 10)
(88, 35, 0.0031348702899533557, 10)
(88, 36, 0.0031348702899533557, 10)
(88, 37, 0.0031348702899533557, 10)
(89, 2, 0.00282138326095802, 10)
(89, 4, 0.00282138326095802, 10)
(89, 5, 0.00282138326095802, 10)
(89, 6, 0.00282138326095802, 10)
(89, 7, 0.00282138326095802, 10)
(89, 8, 0.00282138326095802, 10)
(89, 9, 0.00282138326095802, 10)
(89, 10, 0.00282138326095802, 10)
(89, 11, 0.00282138326095802, 10)
(89, 12, 0.00282138326095802, 10)
(89, 13, 0.00282138326095802, 10)
(89, 15, 0.00282138326095802, 10)
(89, 16, 0.00282138326095802, 10)
(89, 17, 0.00282138326095802, 10)
(89, 20, 0.00282138326095802, 10)
(89, 21, 0.00282138326095802, 10)
(89, 22, 0.00282138326095802, 10)
(89, 24, 0.00282138326095802, 10)
(89, 25, 0.00282138326095802, 10)
(89, 27, 0.00282138326095802, 10)
(89, 28, 0.00282138326095802, 10)
(89, 29, 0.00282138326095802, 10)
(89, 30, 0.00282138326095802, 10)
(89, 31, 0.00282138326095802, 10)
(89, 32, 0.00282138326095802, 10)
(89, 33, 0.00282138326095802, 10)
(89, 34, 0.00282138326095802, 10)
(89, 35, 0.00282138326095802, 10)
(89, 36, 0.00282138326095802, 10)
(89, 37, 0.00282138326095802, 10)
(90, 1, 0.0025392449348622184, 10)
(90, 2, 0.0025392449348622184, 10)
(90, 3, 0.0025392449348622184, 10)
(90, 4, 0.0025392449348622184, 10)
(90, 5, 0.0025392449348622184, 10)
(90, 6, 0.0025392449348622184, 10)
(90, 7, 0.0025392449348622184, 10)
(90, 8, 0.0025392449348622184, 10)
(90, 9, 0.0025392449348622184, 10)
(90, 10, 0.0025392449348622184, 10)
(90, 11, 0.0025392449348622184, 10)
(90, 12, 0.0025392449348622184, 10)
(90, 13, 0.0025392449348622184, 10)
(90, 14, 0.0025392449348622184, 10)
(90, 15, 0.0025392449348622184, 10)
(90, 16, 0.0025392449348622184, 10)
(90, 18, 0.0025392449348622184, 10)
(90, 19, 0.0025392449348622184, 10)
(90, 20, 0.0025392449348622184, 10)
(90, 21, 0.0025392449348622184, 10)
(90, 22, 0.0025392449348622184, 10)
(90, 23, 0.0025392449348622184, 10)
(90, 26, 0.0025392449348622184, 10)
(90, 27, 0.0025392449348622184, 10)
(90, 28, 0.0025392449348622184, 10)
(90, 29, 0.0025392449348622184, 10)
(90, 30, 0.0025392449348622184, 10)
(90, 31, 0.0025392449348622184, 10)
(90, 32, 0.0025392449348622184, 10)
(90, 33, 0.0025392449348622184, 10)
(91, 2, 0.0022853204413759965, 10)
(91, 3, 0.0022853204413759965, 10)
(91, 7, 0.0022853204413759965, 10)
(91, 9, 0.0022853204413759965, 10)
(91, 10, 0.0022853204413759965, 10)
(91, 11, 0.0022853204413759965, 10)
(91, 12, 0.0022853204413759965, 10)
(91, 13, 0.0022853204413759965, 10)
(91, 14, 0.0022853204413759965, 10)
(91, 16, 0.0022853204413759965, 10)
(91, 17, 0.0022853204413759965, 10)
(91, 19, 0.0022853204413759965, 10)
(91, 20, 0.0022853204413759965, 10)
(91, 21, 0.0022853204413759965, 10)
(91, 22, 0.0022853204413759965, 10)
(91, 23, 0.0022853204413759965, 10)
(91, 26, 0.0022853204413759965, 10)
(91, 27, 0.0022853204413759965, 10)
(91, 28, 0.0022853204413759965, 10)
(91, 29, 0.0022853204413759965, 10)
(91, 30, 0.0022853204413759965, 10)
(91, 34, 0.0022853204413759965, 10)
(91, 35, 0.0022853204413759965, 10)
(91, 36, 0.0022853204413759965, 10)
(91, 37, 0.0022853204413759965, 10)
(91, 39, 0.0022853204413759965, 10)
(91, 40, 0.0022853204413759965, 10)
(91, 41, 0.0022853204413759965, 10)
(91, 43, 0.0022853204413759965, 10)
(91, 44, 0.0022853204413759965, 10)
(92, 1, 0.002056788397238397, 10)
(92, 2, 0.002056788397238397, 10)
(92, 3, 0.002056788397238397, 10)
(92, 5, 0.002056788397238397, 10)
(92, 6, 0.002056788397238397, 10)
(92, 7, 0.002056788397238397, 10)
(92, 8, 0.002056788397238397, 10)
(92, 9, 0.002056788397238397, 10)
(92, 10, 0.002056788397238397, 10)
(92, 11, 0.002056788397238397, 10)
(92, 12, 0.002056788397238397, 10)
(92, 13, 0.002056788397238397, 10)
(92, 14, 0.002056788397238397, 10)
(92, 19, 0.002056788397238397, 10)
(92, 20, 0.002056788397238397, 10)
(92, 23, 0.002056788397238397, 10)
(92, 25, 0.002056788397238397, 10)
(92, 26, 0.002056788397238397, 10)
(92, 27, 0.002056788397238397, 10)
(92, 30, 0.002056788397238397, 10)
(92, 31, 0.002056788397238397, 10)
(92, 32, 0.002056788397238397, 10)
(92, 34, 0.002056788397238397, 10)
(92, 35, 0.002056788397238397, 10)
(92, 36, 0.002056788397238397, 10)
(92, 38, 0.002056788397238397, 10)
(92, 39, 0.002056788397238397, 10)
(92, 40, 0.002056788397238397, 10)
(92, 42, 0.002056788397238397, 10)
(92, 43, 0.002056788397238397, 10)
(93, 2, 0.0018511095575145574, 10)
(93, 3, 0.0018511095575145574, 10)
(93, 4, 0.0018511095575145574, 10)
(93, 5, 0.0018511095575145574, 10)
(93, 6, 0.0018511095575145574, 10)
(93, 7, 0.0018511095575145574, 10)
(93, 11, 0.0018511095575145574, 10)
(93, 13, 0.0018511095575145574, 10)
(93, 14, 0.0018511095575145574, 10)
(93, 15, 0.0018511095575145574, 10)
(93, 17, 0.0018511095575145574, 10)
(93, 18, 0.0018511095575145574, 10)
(93, 19, 0.0018511095575145574, 10)
(93, 20, 0.0018511095575145574, 10)
(93, 21, 0.0018511095575145574, 10)
(93, 23, 0.0018511095575145574, 10)
(93, 24, 0.0018511095575145574, 10)
(93, 25, 0.0018511095575145574, 10)
(93, 26, 0.0018511095575145574, 10)
(93, 27, 0.0018511095575145574, 10)
(93, 28, 0.0018511095575145574, 10)
(93, 29, 0.0018511095575145574, 10)
(93, 30, 0.0018511095575145574, 10)
(93, 32, 0.0018511095575145574, 10)
(93, 33, 0.0018511095575145574, 10)
(93, 34, 0.0018511095575145574, 10)
(93, 35, 0.0018511095575145574, 10)
(93, 37, 0.0018511095575145574, 10)
(93, 39, 0.0018511095575145574, 10)
(93, 40, 0.0018511095575145574, 10)
(94, 1, 0.0016659986017631017, 10)
(94, 2, 0.0016659986017631017, 10)
(94, 3, 0.0016659986017631017, 10)
(94, 4, 0.0016659986017631017, 10)
(94, 6, 0.0016659986017631017, 10)
(94, 7, 0.0016659986017631017, 10)
(94, 8, 0.0016659986017631017, 10)
(94, 9, 0.0016659986017631017, 10)
(94, 10, 0.0016659986017631017, 10)
(94, 12, 0.0016659986017631017, 10)
(94, 14, 0.0016659986017631017, 10)
(94, 15, 0.0016659986017631017, 10)
(94, 16, 0.0016659986017631017, 10)
(94, 17, 0.0016659986017631017, 10)
(94, 18, 0.0016659986017631017, 10)
(94, 19, 0.0016659986017631017, 10)
(94, 20, 0.0016659986017631017, 10)
(94, 22, 0.0016659986017631017, 10)
(94, 23, 0.0016659986017631017, 10)
(94, 24, 0.0016659986017631017, 10)
(94, 25, 0.0016659986017631017, 10)
(94, 26, 0.0016659986017631017, 10)
(94, 28, 0.0016659986017631017, 10)
(94, 29, 0.0016659986017631017, 10)
(94, 31, 0.0016659986017631017, 10)
(94, 32, 0.0016659986017631017, 10)
(94, 33, 0.0016659986017631017, 10)
(94, 34, 0.0016659986017631017, 10)
(94, 35, 0.0016659986017631017, 10)
(94, 36, 0.0016659986017631017, 10)
(95, 1, 0.0014993987415867916, 10)
(95, 3, 0.0014993987415867916, 10)
(95, 4, 0.0014993987415867916, 10)
(95, 5, 0.0014993987415867916, 10)
(95, 6, 0.0014993987415867916, 10)
(95, 8, 0.0014993987415867916, 10)
(95, 9, 0.0014993987415867916, 10)
(95, 10, 0.0014993987415867916, 10)
(95, 11, 0.0014993987415867916, 10)
(95, 12, 0.0014993987415867916, 10)
(95, 13, 0.0014993987415867916, 10)
(95, 14, 0.0014993987415867916, 10)
(95, 15, 0.0014993987415867916, 10)
(95, 16, 0.0014993987415867916, 10)
(95, 18, 0.0014993987415867916, 10)
(95, 20, 0.0014993987415867916, 10)
(95, 21, 0.0014993987415867916, 10)
(95, 22, 0.0014993987415867916, 10)
(95, 23, 0.0014993987415867916, 10)
(95, 24, 0.0014993987415867916, 10)
(95, 25, 0.0014993987415867916, 10)
(95, 26, 0.0014993987415867916, 10)
(95, 27, 0.0014993987415867916, 10)
(95, 28, 0.0014993987415867916, 10)
(95, 30, 0.0014993987415867916, 10)
(95, 32, 0.0014993987415867916, 10)
(95, 33, 0.0014993987415867916, 10)
(95, 34, 0.0014993987415867916, 10)
(95, 35, 0.0014993987415867916, 10)
(95, 36, 0.0014993987415867916, 10)
(96, 1, 0.0013494588674281124, 10)
(96, 3, 0.0013494588674281124, 10)
(96, 4, 0.0013494588674281124, 10)
(96, 5, 0.0013494588674281124, 10)
(96, 6, 0.0013494588674281124, 10)
(96, 7, 0.0013494588674281124, 10)
(96, 8, 0.0013494588674281124, 10)
(96, 9, 0.0013494588674281124, 10)
(96, 11, 0.0013494588674281124, 10)
(96, 12, 0.0013494588674281124, 10)
(96, 13, 0.0013494588674281124, 10)
(96, 14, 0.0013494588674281124, 10)
(96, 15, 0.0013494588674281124, 10)
(96, 16, 0.0013494588674281124, 10)
(96, 17, 0.0013494588674281124, 10)
(96, 18, 0.0013494588674281124, 10)
(96, 20, 0.0013494588674281124, 10)
(96, 21, 0.0013494588674281124, 10)
(96, 23, 0.0013494588674281124, 10)
(96, 24, 0.0013494588674281124, 10)
(96, 25, 0.0013494588674281124, 10)
(96, 26, 0.0013494588674281124, 10)
(96, 27, 0.0013494588674281124, 10)
(96, 29, 0.0013494588674281124, 10)
(96, 30, 0.0013494588674281124, 10)
(96, 31, 0.0013494588674281124, 10)
(96, 32, 0.0013494588674281124, 10)
(96, 33, 0.0013494588674281124, 10)
(96, 35, 0.0013494588674281124, 10)
(96, 36, 0.0013494588674281124, 10)
(97, 1, 0.0012145129806853013, 10)
(97, 2, 0.0012145129806853013, 10)
(97, 3, 0.0012145129806853013, 10)
(97, 4, 0.0012145129806853013, 10)
(97, 5, 0.0012145129806853013, 10)
(97, 6, 0.0012145129806853013, 10)
(97, 8, 0.0012145129806853013, 10)
(97, 9, 0.0012145129806853013, 10)
(97, 10, 0.0012145129806853013, 10)
(97, 11, 0.0012145129806853013, 10)
(97, 12, 0.0012145129806853013, 10)
(97, 15, 0.0012145129806853013, 10)
(97, 16, 0.0012145129806853013, 10)
(97, 17, 0.0012145129806853013, 10)
(97, 18, 0.0012145129806853013, 10)
(97, 19, 0.0012145129806853013, 10)
(97, 20, 0.0012145129806853013, 10)
(97, 21, 0.0012145129806853013, 10)
(97, 22, 0.0012145129806853013, 10)
(97, 23, 0.0012145129806853013, 10)
(97, 26, 0.0012145129806853013, 10)
(97, 28, 0.0012145129806853013, 10)
(97, 29, 0.0012145129806853013, 10)
(97, 30, 0.0012145129806853013, 10)
(97, 31, 0.0012145129806853013, 10)
(97, 32, 0.0012145129806853013, 10)
(97, 33, 0.0012145129806853013, 10)
(97, 35, 0.0012145129806853013, 10)
(97, 36, 0.0012145129806853013, 10)
(97, 37, 0.0012145129806853013, 10)
(98, 2, 0.0010930616826167713, 10)
(98, 3, 0.0010930616826167713, 10)
(98, 4, 0.0010930616826167713, 10)
(98, 5, 0.0010930616826167713, 10)
(98, 6, 0.0010930616826167713, 10)
(98, 7, 0.0010930616826167713, 10)
(98, 8, 0.0010930616826167713, 10)
(98, 9, 0.0010930616826167713, 10)
(98, 10, 0.0010930616826167713, 10)
(98, 11, 0.0010930616826167713, 10)
(98, 13, 0.0010930616826167713, 10)
(98, 14, 0.0010930616826167713, 10)
(98, 15, 0.0010930616826167713, 10)
(98, 16, 0.0010930616826167713, 10)
(98, 17, 0.0010930616826167713, 10)
(98, 19, 0.0010930616826167713, 10)
(98, 20, 0.0010930616826167713, 10)
(98, 21, 0.0010930616826167713, 10)
(98, 22, 0.0010930616826167713, 10)
(98, 23, 0.0010930616826167713, 10)
(98, 24, 0.0010930616826167713, 10)
(98, 25, 0.0010930616826167713, 10)
(98, 28, 0.0010930616826167713, 10)
(98, 29, 0.0010930616826167713, 10)
(98, 30, 0.0010930616826167713, 10)
(98, 31, 0.0010930616826167713, 10)
(98, 33, 0.0010930616826167713, 10)
(98, 34, 0.0010930616826167713, 10)
(98, 35, 0.0010930616826167713, 10)
(98, 36, 0.0010930616826167713, 10)
(99, 1, 0.0009837555143550941, 10)
(99, 2, 0.0009837555143550941, 10)
(99, 3, 0.0009837555143550941, 10)
(99, 4, 0.0009837555143550941, 10)
(99, 5, 0.0009837555143550941, 10)
(99, 6, 0.0009837555143550941, 10)
(99, 7, 0.0009837555143550941, 10)
(99, 10, 0.0009837555143550941, 10)
(99, 11, 0.0009837555143550941, 10)
(99, 13, 0.0009837555143550941, 10)
(99, 14, 0.0009837555143550941, 10)
(99, 15, 0.0009837555143550941, 10)
(99, 17, 0.0009837555143550941, 10)
(99, 18, 0.0009837555143550941, 10)
(99, 19, 0.0009837555143550941, 10)
(99, 20, 0.0009837555143550941, 10)
(99, 21, 0.0009837555143550941, 10)
(99, 22, 0.0009837555143550941, 10)
(99, 23, 0.0009837555143550941, 10)
(99, 24, 0.0009837555143550941, 10)
(99, 25, 0.0009837555143550941, 10)
(99, 26, 0.0009837555143550941, 10)
(99, 28, 0.0009837555143550941, 10)
(99, 30, 0.0009837555143550941, 10)
(99, 31, 0.0009837555143550941, 10)
(99, 33, 0.0009837555143550941, 10)
(99, 34, 0.0009837555143550941, 10)
(99, 35, 0.0009837555143550941, 10)
(99, 36, 0.0009837555143550941, 10)
(99, 37, 0.0009837555143550941, 10)
