100, 100, 30, 30, 0.9, 238
(1, 1, 30, 903)
(1, 2, 30, 903)
(1, 3, 30, 903)
(1, 4, 30, 903)
(1, 5, 30, 903)
(1, 6, 30, 903)
(1, 7, 30, 903)
(1, 9, 30, 903)
(1, 10, 30, 903)
(1, 11, 30, 903)
(1, 12, 30, 784)
(1, 13, 30, 784)
(1, 14, 30, 784)
(1, 15, 30, 784)
(1, 16, 30, 784)
(1, 17, 30, 784)
(1, 18, 30, 784)
(1, 19, 30, 737)
(1, 20, 30, 739)
(1, 21, 30, 740)
(1, 22, 30, 740)
(1, 23, 30, 740)
(1, 24, 30, 740)
(1, 25, 30, 703)
(1, 26, 30, 703)
(1, 27, 30, 703)
(1, 28, 30, 703)
(1, 29, 30, 703)
(1, 30, 30, 703)
(1, 31, 30, 703)
(2, 1, 27.0, 703)
(2, 2, 27.0, 703)
(2, 3, 27.0, 620)
(2, 4, 27.0, 620)
(2, 5, 27.0, 620)
(2, 6, 27.0, 620)
(2, 7, 27.0, 620)
(2, 8, 27.0, 620)
(2, 9, 27.0, 620)
(2, 10, 27.0, 620)
(2, 11, 27.0, 620)
(2, 12, 27.0, 620)
(2, 13, 27.0, 620)
(2, 14, 27.0, 620)
(2, 15, 27.0, 620)
(2, 16, 27.0, 620)
(2, 17, 27.0, 620)
(2, 18, 27.0, 620)
(2, 19, 27.0, 620)
(2, 20, 27.0, 620)
(2, 21, 27.0, 619)
(2, 22, 27.0, 619)
(2, 23, 27.0, 619)
(2, 24, 27.0, 619)
(2, 25, 27.0, 619)
(2, 26, 27.0, 619)
(2, 27, 27.0, 619)
(2, 28, 27.0, 619)
(2, 29, 27.0, 619)
(2, 30, 27.0, 619)
(3, 1, 24.3, 619)
(3, 2, 24.3, 619)
(3, 3, 24.3, 619)
(3, 5, 24.3, 619)
(3, 6, 24.3, 441)
(3, 8, 24.3, 441)
(3, 9, 24.3, 441)
(3, 10, 24.3, 441)
(3, 11, 24.3, 441)
(3, 12, 24.3, 441)
(3, 13, 24.3, 441)
(3, 14, 24.3, 441)
(3, 15, 24.3, 441)
(3, 16, 24.3, 441)
(3, 17, 24.3, 441)
(3, 18, 24.3, 441)
(3, 19, 24.3, 441)
(3, 20, 24.3, 441)
(3, 21, 24.3, 441)
(3, 22, 24.3, 441)
(3, 23, 24.3, 441)
(3, 25, 24.3, 441)
(3, 26, 24.3, 440)
(3, 27, 24.3, 440)
(3, 28, 24.3, 440)
(3, 29, 24.3, 440)
(3, 30, 24.3, 440)
(3, 31, 24.3, 440)
(3, 32, 24.3, 440)
(3, 33, 24.3, 440)
(4, 1, 21.87, 440)
(4, 2, 21.87, 440)
(4, 3, 21.87, 440)
(4, 4, 21.87, 440)
(4, 5, 21.87, 440)
(4, 6, 21.87, 440)
(4, 8, 21.87, 266)
(4, 11, 21.87, 266)
(4, 15, 21.87, 266)
(4, 16, 21.87, 266)
(4, 17, 21.87, 266)
(4, 19, 21.87, 266)
(4, 20, 21.87, 266)
(4, 21, 21.87, 266)
(4, 22, 21.87, 266)
(4, 23, 21.87, 266)
(4, 24, 21.87, 266)
(4, 25, 21.87, 266)
(4, 26, 21.87, 266)
(4, 27, 21.87, 270)
(4, 28, 21.87, 270)
(4, 29, 21.87, 270)
(4, 30, 21.87, 270)
(4, 31, 21.87, 270)
(4, 32, 21.87, 270)
(4, 33, 21.87, 270)
(4, 34, 21.87, 270)
(4, 35, 21.87, 270)
(4, 37, 21.87, 270)
(4, 38, 21.87, 270)
(5, 1, 19.683, 265)
(5, 2, 19.683, 265)
(5, 3, 19.683, 265)
(5, 4, 19.683, 265)
(5, 5, 19.683, 265)
(5, 6, 19.683, 265)
(5, 7, 19.683, 265)
(5, 8, 19.683, 265)
(5, 9, 19.683, 265)
(5, 10, 19.683, 265)
(5, 11, 19.683, 265)
(5, 12, 19.683, 265)
(5, 13, 19.683, 265)
(5, 14, 19.683, 265)
(5, 15, 19.683, 265)
(5, 16, 19.683, 265)
(5, 17, 19.683, 265)
(5, 18, 19.683, 265)
(5, 19, 19.683, 265)
(5, 20, 19.683, 265)
(5, 21, 19.683, 265)
(5, 22, 19.683, 265)
(5, 24, 19.683, 265)
(5, 25, 19.683, 265)
(5, 26, 19.683, 265)
(5, 27, 19.683, 265)
(5, 28, 19.683, 265)
(5, 29, 19.683, 257)
(5, 30, 19.683, 257)
(5, 31, 19.683, 257)
(6, 1, 17.7147, 257)
(6, 2, 17.7147, 257)
(6, 3, 17.7147, 257)
(6, 4, 17.7147, 257)
(6, 5, 17.7147, 257)
(6, 7, 17.7147, 257)
(6, 8, 17.7147, 257)
(6, 10, 17.7147, 257)
(6, 11, 17.7147, 252)
(6, 12, 17.7147, 252)
(6, 13, 17.7147, 252)
(6, 15, 17.7147, 252)
(6, 16, 17.7147, 252)
(6, 17, 17.7147, 252)
(6, 18, 17.7147, 252)
(6, 19, 17.7147, 252)
(6, 20, 17.7147, 252)
(6, 21, 17.7147, 252)
(6, 22, 17.7147, 252)
(6, 23, 17.7147, 252)
(6, 24, 17.7147, 252)
(6, 25, 17.7147, 252)
(6, 26, 17.7147, 252)
(6, 27, 17.7147, 252)
(6, 28, 17.7147, 252)
(6, 29, 17.7147, 252)
(6, 30, 17.7147, 252)
(6, 31, 17.7147, 252)
(6, 32, 17.7147, 252)
(6, 33, 17.7147, 253)
(7, 1, 15.943230000000002, 253)
(7, 2, 15.943230000000002, 253)
(7, 3, 15.943230000000002, 253)
(7, 4, 15.943230000000002, 253)
(7, 5, 15.943230000000002, 253)
(7, 6, 15.943230000000002, 126)
(7, 7, 15.943230000000002, 126)
(7, 8, 15.943230000000002, 126)
(7, 9, 15.943230000000002, 126)
(7, 10, 15.943230000000002, 126)
(7, 11, 15.943230000000002, 126)
(7, 12, 15.943230000000002, 126)
(7, 13, 15.943230000000002, 126)
(7, 14, 15.943230000000002, 126)
(7, 15, 15.943230000000002, 126)
(7, 16, 15.943230000000002, 126)
(7, 17, 15.943230000000002, 126)
(7, 18, 15.943230000000002, 126)
(7, 19, 15.943230000000002, 126)
(7, 20, 15.943230000000002, 126)
(7, 21, 15.943230000000002, 126)
(7, 22, 15.943230000000002, 126)
(7, 24, 15.943230000000002, 126)
(7, 25, 15.943230000000002, 126)
(7, 26, 15.943230000000002, 126)
(7, 27, 15.943230000000002, 126)
(7, 28, 15.943230000000002, 126)
(7, 29, 15.943230000000002, 126)
(7, 30, 15.943230000000002, 126)
(7, 31, 15.943230000000002, 126)
(8, 1, 14.348907000000002, 126)
(8, 2, 14.348907000000002, 121)
(8, 3, 14.348907000000002, 121)
(8, 4, 14.348907000000002, 121)
(8, 5, 14.348907000000002, 121)
(8, 6, 14.348907000000002, 121)
(8, 7, 14.348907000000002, 121)
(8, 8, 14.348907000000002, 121)
(8, 9, 14.348907000000002, 121)
(8, 10, 14.348907000000002, 121)
(8, 11, 14.348907000000002, 121)
(8, 12, 14.348907000000002, 121)
(8, 13, 14.348907000000002, 121)
(8, 14, 14.348907000000002, 121)
(8, 15, 14.348907000000002, 121)
(8, 16, 14.348907000000002, 121)
(8, 17, 14.348907000000002, 121)
(8, 18, 14.348907000000002, 121)
(8, 19, 14.348907000000002, 121)
(8, 20, 14.348907000000002, 121)
(8, 21, 14.348907000000002, 127)
(8, 22, 14.348907000000002, 127)
(8, 23, 14.348907000000002, 127)
(8, 24, 14.348907000000002, 104)
(8, 26, 14.348907000000002, 104)
(8, 27, 14.348907000000002, 104)
(8, 28, 14.348907000000002, 104)
(8, 29, 14.348907000000002, 104)
(8, 30, 14.348907000000002, 104)
(8, 31, 14.348907000000002, 104)
(9, 2, 12.914016300000002, 104)
(9, 3, 12.914016300000002, 104)
(9, 4, 12.914016300000002, 104)
(9, 5, 12.914016300000002, 104)
(9, 6, 12.914016300000002, 104)
(9, 7, 12.914016300000002, 104)
(9, 8, 12.914016300000002, 104)
(9, 9, 12.914016300000002, 104)
(9, 10, 12.914016300000002, 104)
(9, 11, 12.914016300000002, 104)
(9, 12, 12.914016300000002, 104)
(9, 13, 12.914016300000002, 104)
(9, 14, 12.914016300000002, 104)
(9, 15, 12.914016300000002, 104)
(9, 16, 12.914016300000002, 104)
(9, 17, 12.914016300000002, 104)
(9, 18, 12.914016300000002, 104)
(9, 19, 12.914016300000002, 104)
(9, 20, 12.914016300000002, 104)
(9, 21, 12.914016300000002, 104)
(9, 22, 12.914016300000002, 104)
(9, 23, 12.914016300000002, 104)
(9, 24, 12.914016300000002, 104)
(9, 25, 12.914016300000002, 104)
(9, 26, 12.914016300000002, 104)
(9, 27, 12.914016300000002, 104)
(9, 28, 12.914016300000002, 104)
(9, 30, 12.914016300000002, 104)
(9, 31, 12.914016300000002, 104)
(9, 32, 12.914016300000002, 104)
(10, 1, 11.622614670000003, 104)
(10, 2, 11.622614670000003, 104)
(10, 3, 11.622614670000003, 104)
(10, 4, 11.622614670000003, 104)
(10, 5, 11.622614670000003, 104)
(10, 6, 11.622614670000003, 104)
(10, 7, 11.622614670000003, 104)
(10, 8, 11.622614670000003, 104)
(10, 9, 11.622614670000003, 104)
(10, 10, 11.622614670000003, 104)
(10, 11, 11.622614670000003, 104)
(10, 12, 11.622614670000003, 104)
(10, 13, 11.622614670000003, 104)
(10, 14, 11.622614670000003, 104)
(10, 17, 11.622614670000003, 104)
(10, 18, 11.622614670000003, 104)
(10, 19, 11.622614670000003, 104)
(10, 20, 11.622614670000003, 104)
(10, 21, 11.622614670000003, 104)
(10, 22, 11.622614670000003, 104)
(10, 23, 11.622614670000003, 104)
(10, 24, 11.622614670000003, 104)
(10, 25, 11.622614670000003, 104)
(10, 26, 11.622614670000003, 104)
(10, 27, 11.622614670000003, 104)
(10, 28, 11.622614670000003, 104)
(10, 29, 11.622614670000003, 104)
(10, 30, 11.622614670000003, 110)
(10, 31, 11.622614670000003, 110)
(10, 32, 11.622614670000003, 110)
(11, 1, 10.460353203000002, 134)
(11, 2, 10.460353203000002, 134)
(11, 3, 10.460353203000002, 134)
(11, 4, 10.460353203000002, 139)
(11, 5, 10.460353203000002, 139)
(11, 6, 10.460353203000002, 139)
(11, 7, 10.460353203000002, 139)
(11, 8, 10.460353203000002, 139)
(11, 9, 10.460353203000002, 139)
(11, 10, 10.460353203000002, 139)
(11, 11, 10.460353203000002, 139)
(11, 12, 10.460353203000002, 139)
(11, 13, 10.460353203000002, 139)
(11, 14, 10.460353203000002, 139)
(11, 15, 10.460353203000002, 139)
(11, 16, 10.460353203000002, 139)
(11, 17, 10.460353203000002, 139)
(11, 18, 10.460353203000002, 139)
(11, 19, 10.460353203000002, 139)
(11, 20, 10.460353203000002, 139)
(11, 21, 10.460353203000002, 139)
(11, 22, 10.460353203000002, 139)
(11, 23, 10.460353203000002, 139)
(11, 24, 10.460353203000002, 139)
(11, 25, 10.460353203000002, 139)
(11, 27, 10.460353203000002, 139)
(11, 28, 10.460353203000002, 139)
(11, 29, 10.460353203000002, 139)
(11, 30, 10.460353203000002, 139)
(11, 31, 10.460353203000002, 139)
(12, 1, 9.414317882700002, 138)
(12, 2, 9.414317882700002, 138)
(12, 3, 9.414317882700002, 138)
(12, 4, 9.414317882700002, 138)
(12, 5, 9.414317882700002, 138)
(12, 6, 9.414317882700002, 138)
(12, 7, 9.414317882700002, 138)
(12, 8, 9.414317882700002, 138)
(12, 9, 9.414317882700002, 138)
(12, 10, 9.414317882700002, 138)
(12, 11, 9.414317882700002, 138)
(12, 12, 9.414317882700002, 138)
(12, 13, 9.414317882700002, 138)
(12, 14, 9.414317882700002, 138)
(12, 15, 9.414317882700002, 138)
(12, 16, 9.414317882700002, 138)
(12, 17, 9.414317882700002, 138)
(12, 18, 9.414317882700002, 138)
(12, 19, 9.414317882700002, 138)
(12, 20, 9.414317882700002, 138)
(12, 21, 9.414317882700002, 138)
(12, 22, 9.414317882700002, 138)
(12, 23, 9.414317882700002, 138)
(12, 24, 9.414317882700002, 138)
(12, 25, 9.414317882700002, 138)
(12, 26, 9.414317882700002, 138)
(12, 28, 9.414317882700002, 138)
(12, 30, 9.414317882700002, 138)
(12, 31, 9.414317882700002, 138)
(12, 32, 9.414317882700002, 138)
(13, 1, 8.472886094430002, 138)
(13, 2, 8.472886094430002, 138)
(13, 3, 8.472886094430002, 138)
(13, 4, 8.472886094430002, 138)
(13, 5, 8.472886094430002, 138)
(13, 6, 8.472886094430002, 138)
(13, 7, 8.472886094430002, 138)
(13, 8, 8.472886094430002, 138)
(13, 11, 8.472886094430002, 138)
(13, 12, 8.472886094430002, 138)
(13, 13, 8.472886094430002, 138)
(13, 14, 8.472886094430002, 138)
(13, 15, 8.472886094430002, 138)
(13, 16, 8.472886094430002, 138)
(13, 17, 8.472886094430002, 138)
(13, 18, 8.472886094430002, 138)
(13, 19, 8.472886094430002, 138)
(13, 20, 8.472886094430002, 138)
(13, 21, 8.472886094430002, 138)
(13, 22, 8.472886094430002, 138)
(13, 23, 8.472886094430002, 138)
(13, 24, 8.472886094430002, 138)
(13, 25, 8.472886094430002, 138)
(13, 26, 8.472886094430002, 138)
(13, 27, 8.472886094430002, 138)
(13, 29, 8.472886094430002, 138)
(13, 30, 8.472886094430002, 138)
(13, 31, 8.472886094430002, 138)
(13, 32, 8.472886094430002, 138)
(13, 33, 8.472886094430002, 138)
(14, 1, 7.6255974849870025, 138)
(14, 2, 7.6255974849870025, 138)
(14, 3, 7.6255974849870025, 138)
(14, 4, 7.6255974849870025, 138)
(14, 5, 7.6255974849870025, 138)
(14, 6, 7.6255974849870025, 138)
(14, 7, 7.6255974849870025, 138)
(14, 8, 7.6255974849870025, 138)
(14, 9, 7.6255974849870025, 138)
(14, 11, 7.6255974849870025, 138)
(14, 12, 7.6255974849870025, 138)
(14, 13, 7.6255974849870025, 138)
(14, 15, 7.6255974849870025, 138)
(14, 16, 7.6255974849870025, 146)
(14, 17, 7.6255974849870025, 146)
(14, 18, 7.6255974849870025, 146)
(14, 19, 7.6255974849870025, 146)
(14, 20, 7.6255974849870025, 146)
(14, 23, 7.6255974849870025, 146)
(14, 24, 7.6255974849870025, 146)
(14, 25, 7.6255974849870025, 146)
(14, 26, 7.6255974849870025, 146)
(14, 27, 7.6255974849870025, 146)
(14, 28, 7.6255974849870025, 146)
(14, 29, 7.6255974849870025, 146)
(14, 30, 7.6255974849870025, 146)
(14, 31, 7.6255974849870025, 146)
(14, 32, 7.6255974849870025, 146)
(14, 33, 7.6255974849870025, 146)
(14, 34, 7.6255974849870025, 146)
(15, 1, 6.863037736488303, 146)
(15, 2, 6.863037736488303, 146)
(15, 3, 6.863037736488303, 146)
(15, 4, 6.863037736488303, 146)
(15, 5, 6.863037736488303, 146)
(15, 6, 6.863037736488303, 146)
(15, 7, 6.863037736488303, 146)
(15, 8, 6.863037736488303, 146)
(15, 9, 6.863037736488303, 146)
(15, 11, 6.863037736488303, 146)
(15, 12, 6.863037736488303, 146)
(15, 13, 6.863037736488303, 146)
(15, 14, 6.863037736488303, 146)
(15, 15, 6.863037736488303, 146)
(15, 16, 6.863037736488303, 146)
(15, 17, 6.863037736488303, 146)
(15, 18, 6.863037736488303, 146)
(15, 19, 6.863037736488303, 146)
(15, 20, 6.863037736488303, 146)
(15, 21, 6.863037736488303, 146)
(15, 22, 6.863037736488303, 146)
(15, 23, 6.863037736488303, 146)
(15, 24, 6.863037736488303, 146)
(15, 25, 6.863037736488303, 146)
(15, 26, 6.863037736488303, 146)
(15, 27, 6.863037736488303, 146)
(15, 28, 6.863037736488303, 141)
(15, 29, 6.863037736488303, 140)
(15, 30, 6.863037736488303, 140)
(15, 31, 6.863037736488303, 140)
(16, 1, 6.176733962839473, 140)
(16, 3, 6.176733962839473, 140)
(16, 4, 6.176733962839473, 140)
(16, 5, 6.176733962839473, 140)
(16, 6, 6.176733962839473, 140)
(16, 7, 6.176733962839473, 140)
(16, 8, 6.176733962839473, 140)
(16, 9, 6.176733962839473, 140)
(16, 10, 6.176733962839473, 140)
(16, 11, 6.176733962839473, 140)
(16, 12, 6.176733962839473, 140)
(16, 13, 6.176733962839473, 140)
(16, 14, 6.176733962839473, 140)
(16, 16, 6.176733962839473, 140)
(16, 17, 6.176733962839473, 140)
(16, 18, 6.176733962839473, 140)
(16, 19, 6.176733962839473, 140)
(16, 20, 6.176733962839473, 140)
(16, 21, 6.176733962839473, 140)
(16, 22, 6.176733962839473, 140)
(16, 23, 6.176733962839473, 140)
(16, 24, 6.176733962839473, 140)
(16, 25, 6.176733962839473, 140)
(16, 26, 6.176733962839473, 140)
(16, 27, 6.176733962839473, 140)
(16, 28, 6.176733962839473, 140)
(16, 29, 6.176733962839473, 140)
(16, 30, 6.176733962839473, 140)
(16, 31, 6.176733962839473, 140)
(16, 32, 6.176733962839473, 140)
(17, 2, 5.559060566555526, 140)
(17, 3, 5.559060566555526, 140)
(17, 4, 5.559060566555526, 140)
(17, 5, 5.559060566555526, 140)
(17, 6, 5.559060566555526, 140)
(17, 7, 5.559060566555526, 140)
(17, 8, 5.559060566555526, 140)
(17, 9, 5.559060566555526, 140)
(17, 10, 5.559060566555526, 140)
(17, 11, 5.559060566555526, 140)
(17, 12, 5.559060566555526, 140)
(17, 13, 5.559060566555526, 140)
(17, 14, 5.559060566555526, 140)
(17, 15, 5.559060566555526, 140)
(17, 16, 5.559060566555526, 140)
(17, 17, 5.559060566555526, 140)
(17, 18, 5.559060566555526, 140)
(17, 19, 5.559060566555526, 140)
(17, 20, 5.559060566555526, 140)
(17, 21, 5.559060566555526, 140)
(17, 22, 5.559060566555526, 140)
(17, 24, 5.559060566555526, 141)
(17, 25, 5.559060566555526, 141)
(17, 26, 5.559060566555526, 141)
(17, 27, 5.559060566555526, 141)
(17, 28, 5.559060566555526, 141)
(17, 29, 5.559060566555526, 141)
(17, 30, 5.559060566555526, 141)
(17, 31, 5.559060566555526, 141)
(17, 32, 5.559060566555526, 141)
(18, 1, 5.003154509899973, 141)
(18, 2, 5.003154509899973, 141)
(18, 3, 5.003154509899973, 141)
(18, 4, 5.003154509899973, 141)
(18, 5, 5.003154509899973, 141)
(18, 6, 5.003154509899973, 141)
(18, 7, 5.003154509899973, 141)
(18, 8, 5.003154509899973, 141)
(18, 9, 5.003154509899973, 141)
(18, 10, 5.003154509899973, 141)
(18, 11, 5.003154509899973, 141)
(18, 12, 5.003154509899973, 141)
(18, 13, 5.003154509899973, 141)
(18, 14, 5.003154509899973, 141)
(18, 15, 5.003154509899973, 141)
(18, 16, 5.003154509899973, 141)
(18, 17, 5.003154509899973, 141)
(18, 18, 5.003154509899973, 141)
(18, 19, 5.003154509899973, 141)
(18, 20, 5.003154509899973, 141)
(18, 21, 5.003154509899973, 141)
(18, 23, 5.003154509899973, 141)
(18, 24, 5.003154509899973, 141)
(18, 25, 5.003154509899973, 141)
(18, 26, 5.003154509899973, 141)
(18, 27, 5.003154509899973, 141)
(18, 28, 5.003154509899973, 141)
(18, 29, 5.003154509899973, 141)
(18, 30, 5.003154509899973, 141)
(18, 31, 5.003154509899973, 141)
(19, 1, 4.502839058909976, 141)
(19, 2, 4.502839058909976, 141)
(19, 3, 4.502839058909976, 141)
(19, 4, 4.502839058909976, 141)
(19, 5, 4.502839058909976, 141)
(19, 6, 4.502839058909976, 141)
(19, 7, 4.502839058909976, 141)
(19, 8, 4.502839058909976, 141)
(19, 9, 4.502839058909976, 141)
(19, 10, 4.502839058909976, 141)
(19, 11, 4.502839058909976, 141)
(19, 13, 4.502839058909976, 134)
(19, 14, 4.502839058909976, 134)
(19, 15, 4.502839058909976, 134)
(19, 16, 4.502839058909976, 134)
(19, 17, 4.502839058909976, 134)
(19, 18, 4.502839058909976, 134)
(19, 19, 4.502839058909976, 134)
(19, 20, 4.502839058909976, 134)
(19, 21, 4.502839058909976, 134)
(19, 22, 4.502839058909976, 134)
(19, 23, 4.502839058909976, 134)
(19, 24, 4.502839058909976, 134)
(19, 25, 4.502839058909976, 134)
(19, 26, 4.502839058909976, 134)
(19, 27, 4.502839058909976, 134)
(19, 28, 4.502839058909976, 134)
(19, 29, 4.502839058909976, 134)
(19, 30, 4.502839058909976, 134)
(19, 31, 4.502839058909976, 134)
(20, 2, 4.052555153018979, 134)
(20, 3, 4.052555153018979, 134)
(20, 4, 4.052555153018979, 134)
(20, 5, 4.052555153018979, 134)
(20, 7, 4.052555153018979, 134)
(20, 8, 4.052555153018979, 134)
(20, 9, 4.052555153018979, 134)
(20, 10, 4.052555153018979, 134)
(20, 11, 4.052555153018979, 134)
(20, 12, 4.052555153018979, 134)
(20, 13, 4.052555153018979, 134)
(20, 14, 4.052555153018979, 134)
(20, 15, 4.052555153018979, 134)
(20, 16, 4.052555153018979, 134)
(20, 17, 4.052555153018979, 134)
(20, 18, 4.052555153018979, 134)
(20, 19, 4.052555153018979, 134)
(20, 20, 4.052555153018979, 134)
(20, 21, 4.052555153018979, 134)
(20, 22, 4.052555153018979, 116)
(20, 23, 4.052555153018979, 116)
(20, 24, 4.052555153018979, 116)
(20, 25, 4.052555153018979, 116)
(20, 26, 4.052555153018979, 116)
(20, 27, 4.052555153018979, 116)
(20, 28, 4.052555153018979, 116)
(20, 29, 4.052555153018979, 112)
(20, 31, 4.052555153018979, 112)
(20, 32, 4.052555153018979, 112)
(20, 33, 4.052555153018979, 112)
(21, 1, 3.6472996377170808, 112)
(21, 2, 3.6472996377170808, 112)
(21, 4, 3.6472996377170808, 112)
(21, 5, 3.6472996377170808, 112)
(21, 6, 3.6472996377170808, 112)
(21, 8, 3.6472996377170808, 112)
(21, 9, 3.6472996377170808, 112)
(21, 10, 3.6472996377170808, 112)
(21, 11, 3.6472996377170808, 112)
(21, 12, 3.6472996377170808, 112)
(21, 13, 3.6472996377170808, 112)
(21, 14, 3.6472996377170808, 117)
(21, 15, 3.6472996377170808, 117)
(21, 16, 3.6472996377170808, 117)
(21, 17, 3.6472996377170808, 117)
(21, 18, 3.6472996377170808, 117)
(21, 19, 3.6472996377170808, 117)
(21, 20, 3.6472996377170808, 117)
(21, 21, 3.6472996377170808, 117)
(21, 22, 3.6472996377170808, 117)
(21, 23, 3.6472996377170808, 117)
(21, 24, 3.6472996377170808, 117)
(21, 25, 3.6472996377170808, 117)
(21, 26, 3.6472996377170808, 117)
(21, 28, 3.6472996377170808, 117)
(21, 29, 3.6472996377170808, 117)
(21, 30, 3.6472996377170808, 117)
(21, 31, 3.6472996377170808, 117)
(21, 32, 3.6472996377170808, 117)
(21, 33, 3.6472996377170808, 117)
(22, 2, 3.282569673945373, 117)
(22, 3, 3.282569673945373, 117)
(22, 5, 3.282569673945373, 117)
(22, 6, 3.282569673945373, 117)
(22, 7, 3.282569673945373, 117)
(22, 8, 3.282569673945373, 117)
(22, 9, 3.282569673945373, 117)
(22, 10, 3.282569673945373, 117)
(22, 11, 3.282569673945373, 117)
(22, 13, 3.282569673945373, 117)
(22, 14, 3.282569673945373, 117)
(22, 15, 3.282569673945373, 117)
(22, 16, 3.282569673945373, 117)
(22, 17, 3.282569673945373, 117)
(22, 18, 3.282569673945373, 117)
(22, 19, 3.282569673945373, 117)
(22, 20, 3.282569673945373, 117)
(22, 22, 3.282569673945373, 117)
(22, 23, 3.282569673945373, 117)
(22, 24, 3.282569673945373, 117)
(22, 25, 3.282569673945373, 117)
(22, 26, 3.282569673945373, 117)
(22, 27, 3.282569673945373, 117)
(22, 30, 3.282569673945373, 117)
(22, 31, 3.282569673945373, 117)
(22, 32, 3.282569673945373, 117)
(22, 33, 3.282569673945373, 117)
(22, 34, 3.282569673945373, 117)
(22, 35, 3.282569673945373, 117)
(22, 36, 3.282569673945373, 117)
(23, 1, 2.954312706550836, 117)
(23, 2, 2.954312706550836, 117)
(23, 3, 2.954312706550836, 117)
(23, 4, 2.954312706550836, 117)
(23, 5, 2.954312706550836, 117)
(23, 6, 2.954312706550836, 117)
(23, 7, 2.954312706550836, 117)
(23, 9, 2.954312706550836, 117)
(23, 10, 2.954312706550836, 117)
(23, 11, 2.954312706550836, 117)
(23, 13, 2.954312706550836, 117)
(23, 14, 2.954312706550836, 117)
(23, 15, 2.954312706550836, 117)
(23, 16, 2.954312706550836, 117)
(23, 17, 2.954312706550836, 117)
(23, 18, 2.954312706550836, 117)
(23, 19, 2.954312706550836, 117)
(23, 20, 2.954312706550836, 117)
(23, 21, 2.954312706550836, 117)
(23, 22, 2.954312706550836, 117)
(23, 23, 2.954312706550836, 117)
(23, 24, 2.954312706550836, 117)
(23, 25, 2.954312706550836, 117)
(23, 26, 2.954312706550836, 117)
(23, 27, 2.954312706550836, 117)
(23, 28, 2.954312706550836, 117)
(23, 29, 2.954312706550836, 117)
(23, 30, 2.954312706550836, 117)
(23, 31, 2.954312706550836, 117)
(23, 32, 2.954312706550836, 117)
(24, 1, 2.6588814358957524, 117)
(24, 3, 2.6588814358957524, 117)
(24, 4, 2.6588814358957524, 117)
(24, 5, 2.6588814358957524, 117)
(24, 6, 2.6588814358957524, 117)
(24, 7, 2.6588814358957524, 117)
(24, 8, 2.6588814358957524, 117)
(24, 9, 2.6588814358957524, 117)
(24, 10, 2.6588814358957524, 117)
(24, 11, 2.6588814358957524, 117)
(24, 13, 2.6588814358957524, 117)
(24, 14, 2.6588814358957524, 117)
(24, 15, 2.6588814358957524, 117)
(24, 16, 2.6588814358957524, 117)
(24, 18, 2.6588814358957524, 117)
(24, 19, 2.6588814358957524, 117)
(24, 20, 2.6588814358957524, 117)
(24, 21, 2.6588814358957524, 117)
(24, 22, 2.6588814358957524, 117)
(24, 23, 2.6588814358957524, 117)
(24, 24, 2.6588814358957524, 117)
(24, 26, 2.6588814358957524, 117)
(24, 27, 2.6588814358957524, 117)
(24, 28, 2.6588814358957524, 117)
(24, 29, 2.6588814358957524, 117)
(24, 30, 2.6588814358957524, 117)
(24, 31, 2.6588814358957524, 117)
(24, 32, 2.6588814358957524, 117)
(24, 33, 2.6588814358957524, 117)
(24, 34, 2.6588814358957524, 117)
(25, 1, 2.392993292306177, 117)
(25, 2, 2.392993292306177, 117)
(25, 3, 2.392993292306177, 117)
(25, 4, 2.392993292306177, 117)
(25, 6, 2.392993292306177, 117)
(25, 7, 2.392993292306177, 118)
(25, 8, 2.392993292306177, 118)
(25, 9, 2.392993292306177, 118)
(25, 10, 2.392993292306177, 118)
(25, 11, 2.392993292306177, 118)
(25, 12, 2.392993292306177, 118)
(25, 13, 2.392993292306177, 118)
(25, 15, 2.392993292306177, 118)
(25, 16, 2.392993292306177, 118)
(25, 17, 2.392993292306177, 118)
(25, 19, 2.392993292306177, 118)
(25, 21, 2.392993292306177, 118)
(25, 23, 2.392993292306177, 118)
(25, 24, 2.392993292306177, 118)
(25, 25, 2.392993292306177, 118)
(25, 26, 2.392993292306177, 118)
(25, 27, 2.392993292306177, 118)
(25, 29, 2.392993292306177, 118)
(25, 30, 2.392993292306177, 118)
(25, 31, 2.392993292306177, 118)
(25, 32, 2.392993292306177, 118)
(25, 33, 2.392993292306177, 118)
(25, 34, 2.392993292306177, 118)
(25, 35, 2.392993292306177, 118)
(25, 36, 2.392993292306177, 118)
(26, 1, 2.1536939630755594, 118)
(26, 2, 2.1536939630755594, 118)
(26, 5, 2.1536939630755594, 118)
(26, 6, 2.1536939630755594, 118)
(26, 7, 2.1536939630755594, 118)
(26, 8, 2.1536939630755594, 118)
(26, 9, 2.1536939630755594, 118)
(26, 10, 2.1536939630755594, 118)
(26, 11, 2.1536939630755594, 118)
(26, 12, 2.1536939630755594, 118)
(26, 13, 2.1536939630755594, 118)
(26, 14, 2.1536939630755594, 118)
(26, 15, 2.1536939630755594, 118)
(26, 16, 2.1536939630755594, 118)
(26, 17, 2.1536939630755594, 118)
(26, 18, 2.1536939630755594, 118)
(26, 19, 2.1536939630755594, 118)
(26, 20, 2.1536939630755594, 118)
(26, 21, 2.1536939630755594, 118)
(26, 22, 2.1536939630755594, 119)
(26, 23, 2.1536939630755594, 119)
(26, 25, 2.1536939630755594, 116)
(26, 26, 2.1536939630755594, 116)
(26, 27, 2.1536939630755594, 116)
(26, 28, 2.1536939630755594, 115)
(26, 29, 2.1536939630755594, 119)
(26, 30, 2.1536939630755594, 119)
(26, 31, 2.1536939630755594, 119)
(26, 32, 2.1536939630755594, 118)
(26, 33, 2.1536939630755594, 118)
(27, 1, 1.9383245667680036, 118)
(27, 2, 1.9383245667680036, 118)
(27, 3, 1.9383245667680036, 118)
(27, 5, 1.9383245667680036, 118)
(27, 6, 1.9383245667680036, 118)
(27, 9, 1.9383245667680036, 117)
(27, 10, 1.9383245667680036, 117)
(27, 12, 1.9383245667680036, 117)
(27, 13, 1.9383245667680036, 117)
(27, 14, 1.9383245667680036, 117)
(27, 15, 1.9383245667680036, 117)
(27, 17, 1.9383245667680036, 117)
(27, 18, 1.9383245667680036, 117)
(27, 19, 1.9383245667680036, 117)
(27, 20, 1.9383245667680036, 117)
(27, 21, 1.9383245667680036, 117)
(27, 22, 1.9383245667680036, 117)
(27, 23, 1.9383245667680036, 117)
(27, 24, 1.9383245667680036, 117)
(27, 25, 1.9383245667680036, 117)
(27, 26, 1.9383245667680036, 117)
(27, 27, 1.9383245667680036, 117)
(27, 28, 1.9383245667680036, 117)
(27, 29, 1.9383245667680036, 117)
(27, 30, 1.9383245667680036, 117)
(27, 31, 1.9383245667680036, 117)
(27, 32, 1.9383245667680036, 117)
(27, 34, 1.9383245667680036, 117)
(27, 35, 1.9383245667680036, 117)
(27, 36, 1.9383245667680036, 117)
(28, 1, 1.7444921100912032, 117)
(28, 2, 1.7444921100912032, 117)
(28, 3, 1.7444921100912032, 117)
(28, 4, 1.7444921100912032, 113)
(28, 5, 1.7444921100912032, 113)
(28, 6, 1.7444921100912032, 113)
(28, 7, 1.7444921100912032, 113)
(28, 8, 1.7444921100912032, 113)
(28, 9, 1.7444921100912032, 113)
(28, 10, 1.7444921100912032, 113)
(28, 11, 1.7444921100912032, 113)
(28, 12, 1.7444921100912032, 113)
(28, 13, 1.7444921100912032, 113)
(28, 15, 1.7444921100912032, 113)
(28, 16, 1.7444921100912032, 113)
(28, 18, 1.7444921100912032, 113)
(28, 19, 1.7444921100912032, 113)
(28, 20, 1.7444921100912032, 113)
(28, 22, 1.7444921100912032, 113)
(28, 23, 1.7444921100912032, 113)
(28, 24, 1.7444921100912032, 113)
(28, 25, 1.7444921100912032, 113)
(28, 26, 1.7444921100912032, 113)
(28, 27, 1.7444921100912032, 113)
(28, 29, 1.7444921100912032, 113)
(28, 30, 1.7444921100912032, 113)
(28, 33, 1.7444921100912032, 113)
(28, 34, 1.7444921100912032, 94)
(28, 35, 1.7444921100912032, 94)
(28, 36, 1.7444921100912032, 94)
(29, 1, 1.570042899082083, 94)
(29, 2, 1.570042899082083, 94)
(29, 4, 1.570042899082083, 94)
(29, 5, 1.570042899082083, 94)
(29, 6, 1.570042899082083, 94)
(29, 7, 1.570042899082083, 94)
(29, 8, 1.570042899082083, 94)
(29, 9, 1.570042899082083, 94)
(29, 10, 1.570042899082083, 94)
(29, 11, 1.570042899082083, 94)
(29, 12, 1.570042899082083, 94)
(29, 13, 1.570042899082083, 94)
(29, 14, 1.570042899082083, 94)
(29, 15, 1.570042899082083, 94)
(29, 16, 1.570042899082083, 94)
(29, 17, 1.570042899082083, 94)
(29, 18, 1.570042899082083, 94)
(29, 19, 1.570042899082083, 94)
(29, 20, 1.570042899082083, 94)
(29, 22, 1.570042899082083, 94)
(29, 23, 1.570042899082083, 94)
(29, 24, 1.570042899082083, 94)
(29, 25, 1.570042899082083, 94)
(29, 26, 1.570042899082083, 94)
(29, 27, 1.570042899082083, 94)
(29, 28, 1.570042899082083, 94)
(29, 29, 1.570042899082083, 94)
(29, 30, 1.570042899082083, 94)
(29, 31, 1.570042899082083, 94)
(29, 32, 1.570042899082083, 94)
(30, 1, 1.4130386091738747, 94)
(30, 2, 1.4130386091738747, 94)
(30, 3, 1.4130386091738747, 94)
(30, 4, 1.4130386091738747, 94)
(30, 5, 1.4130386091738747, 94)
(30, 6, 1.4130386091738747, 94)
(30, 7, 1.4130386091738747, 94)
(30, 8, 1.4130386091738747, 94)
(30, 9, 1.4130386091738747, 94)
(30, 10, 1.4130386091738747, 94)
(30, 11, 1.4130386091738747, 94)
(30, 12, 1.4130386091738747, 94)
(30, 13, 1.4130386091738747, 94)
(30, 14, 1.4130386091738747, 94)
(30, 15, 1.4130386091738747, 94)
(30, 16, 1.4130386091738747, 94)
(30, 17, 1.4130386091738747, 94)
(30, 19, 1.4130386091738747, 94)
(30, 20, 1.4130386091738747, 94)
(30, 21, 1.4130386091738747, 94)
(30, 22, 1.4130386091738747, 94)
(30, 23, 1.4130386091738747, 94)
(30, 24, 1.4130386091738747, 94)
(30, 25, 1.4130386091738747, 94)
(30, 26, 1.4130386091738747, 94)
(30, 27, 1.4130386091738747, 94)
(30, 28, 1.4130386091738747, 94)
(30, 29, 1.4130386091738747, 94)
(30, 30, 1.4130386091738747, 94)
(30, 31, 1.4130386091738747, 94)
(31, 1, 1.2717347482564874, 94)
(31, 2, 1.2717347482564874, 94)
(31, 3, 1.2717347482564874, 94)
(31, 4, 1.2717347482564874, 94)
(31, 5, 1.2717347482564874, 94)
(31, 6, 1.2717347482564874, 94)
(31, 8, 1.2717347482564874, 94)
(31, 9, 1.2717347482564874, 94)
(31, 10, 1.2717347482564874, 94)
(31, 11, 1.2717347482564874, 94)
(31, 12, 1.2717347482564874, 94)
(31, 14, 1.2717347482564874, 94)
(31, 15, 1.2717347482564874, 94)
(31, 16, 1.2717347482564874, 94)
(31, 17, 1.2717347482564874, 94)
(31, 18, 1.2717347482564874, 94)
(31, 19, 1.2717347482564874, 94)
(31, 20, 1.2717347482564874, 94)
(31, 21, 1.2717347482564874, 94)
(31, 22, 1.2717347482564874, 94)
(31, 23, 1.2717347482564874, 94)
(31, 24, 1.2717347482564874, 94)
(31, 25, 1.2717347482564874, 94)
(31, 26, 1.2717347482564874, 94)
(31, 27, 1.2717347482564874, 94)
(31, 28, 1.2717347482564874, 94)
(31, 29, 1.2717347482564874, 94)
(31, 30, 1.2717347482564874, 94)
(31, 31, 1.2717347482564874, 94)
(31, 32, 1.2717347482564874, 94)
(32, 1, 1.1445612734308386, 94)
(32, 2, 1.1445612734308386, 94)
(32, 3, 1.1445612734308386, 94)
(32, 4, 1.1445612734308386, 94)
(32, 5, 1.1445612734308386, 94)
(32, 6, 1.1445612734308386, 94)
(32, 7, 1.1445612734308386, 94)
(32, 8, 1.1445612734308386, 94)
(32, 11, 1.1445612734308386, 94)
(32, 12, 1.1445612734308386, 94)
(32, 13, 1.1445612734308386, 94)
(32, 14, 1.1445612734308386, 94)
(32, 15, 1.1445612734308386, 94)
(32, 16, 1.1445612734308386, 94)
(32, 17, 1.1445612734308386, 94)
(32, 18, 1.1445612734308386, 94)
(32, 19, 1.1445612734308386, 94)
(32, 20, 1.1445612734308386, 94)
(32, 21, 1.1445612734308386, 94)
(32, 23, 1.1445612734308386, 94)
(32, 24, 1.1445612734308386, 94)
(32, 25, 1.1445612734308386, 94)
(32, 26, 1.1445612734308386, 94)
(32, 27, 1.1445612734308386, 94)
(32, 28, 1.1445612734308386, 94)
(32, 29, 1.1445612734308386, 94)
(32, 31, 1.1445612734308386, 94)
(32, 32, 1.1445612734308386, 94)
(32, 33, 1.1445612734308386, 94)
(32, 34, 1.1445612734308386, 94)
(33, 1, 1.0301051460877548, 94)
(33, 2, 1.0301051460877548, 94)
(33, 3, 1.0301051460877548, 94)
(33, 4, 1.0301051460877548, 94)
(33, 5, 1.0301051460877548, 94)
(33, 7, 1.0301051460877548, 94)
(33, 8, 1.0301051460877548, 94)
(33, 9, 1.0301051460877548, 94)
(33, 10, 1.0301051460877548, 94)
(33, 11, 1.0301051460877548, 94)
(33, 12, 1.0301051460877548, 94)
(33, 13, 1.0301051460877548, 94)
(33, 14, 1.0301051460877548, 94)
(33, 15, 1.0301051460877548, 94)
(33, 16, 1.0301051460877548, 94)
(33, 17, 1.0301051460877548, 94)
(33, 18, 1.0301051460877548, 94)
(33, 19, 1.0301051460877548, 94)
(33, 20, 1.0301051460877548, 94)
(33, 21, 1.0301051460877548, 94)
(33, 23, 1.0301051460877548, 94)
(33, 24, 1.0301051460877548, 94)
(33, 25, 1.0301051460877548, 94)
(33, 26, 1.0301051460877548, 94)
(33, 27, 1.0301051460877548, 94)
(33, 28, 1.0301051460877548, 94)
(33, 29, 1.0301051460877548, 94)
(33, 30, 1.0301051460877548, 94)
(33, 31, 1.0301051460877548, 94)
(33, 33, 1.0301051460877548, 94)
(34, 2, 0.9270946314789794, 94)
(34, 3, 0.9270946314789794, 94)
(34, 4, 0.9270946314789794, 94)
(34, 5, 0.9270946314789794, 94)
(34, 6, 0.9270946314789794, 94)
(34, 7, 0.9270946314789794, 94)
(34, 8, 0.9270946314789794, 94)
(34, 9, 0.9270946314789794, 94)
(34, 10, 0.9270946314789794, 94)
(34, 11, 0.9270946314789794, 94)
(34, 12, 0.9270946314789794, 94)
(34, 13, 0.9270946314789794, 94)
(34, 14, 0.9270946314789794, 94)
(34, 15, 0.9270946314789794, 94)
(34, 16, 0.9270946314789794, 94)
(34, 17, 0.9270946314789794, 94)
(34, 18, 0.9270946314789794, 94)
(34, 19, 0.9270946314789794, 94)
(34, 21, 0.9270946314789794, 94)
(34, 22, 0.9270946314789794, 94)
(34, 23, 0.9270946314789794, 94)
(34, 24, 0.9270946314789794, 94)
(34, 25, 0.9270946314789794, 94)
(34, 26, 0.9270946314789794, 94)
(34, 27, 0.9270946314789794, 94)
(34, 28, 0.9270946314789794, 94)
(34, 29, 0.9270946314789794, 94)
(34, 30, 0.9270946314789794, 94)
(34, 31, 0.9270946314789794, 94)
(34, 32, 0.9270946314789794, 94)
(35, 1, 0.8343851683310815, 94)
(35, 2, 0.8343851683310815, 94)
(35, 3, 0.8343851683310815, 94)
(35, 4, 0.8343851683310815, 94)
(35, 5, 0.8343851683310815, 94)
(35, 6, 0.8343851683310815, 94)
(35, 8, 0.8343851683310815, 94)
(35, 9, 0.8343851683310815, 94)
(35, 10, 0.8343851683310815, 94)
(35, 11, 0.8343851683310815, 94)
(35, 12, 0.8343851683310815, 94)
(35, 13, 0.8343851683310815, 94)
(35, 14, 0.8343851683310815, 94)
(35, 15, 0.8343851683310815, 94)
(35, 16, 0.8343851683310815, 94)
(35, 17, 0.8343851683310815, 94)
(35, 18, 0.8343851683310815, 94)
(35, 20, 0.8343851683310815, 94)
(35, 21, 0.8343851683310815, 94)
(35, 22, 0.8343851683310815, 94)
(35, 23, 0.8343851683310815, 94)
(35, 24, 0.8343851683310815, 94)
(35, 25, 0.8343851683310815, 94)
(35, 26, 0.8343851683310815, 94)
(35, 27, 0.8343851683310815, 94)
(35, 28, 0.8343851683310815, 94)
(35, 29, 0.8343851683310815, 94)
(35, 30, 0.8343851683310815, 94)
(35, 31, 0.8343851683310815, 94)
(35, 33, 0.8343851683310815, 94)
(36, 1, 0.7509466514979733, 94)
(36, 2, 0.7509466514979733, 94)
(36, 3, 0.7509466514979733, 94)
(36, 5, 0.7509466514979733, 94)
(36, 7, 0.7509466514979733, 94)
(36, 8, 0.7509466514979733, 94)
(36, 9, 0.7509466514979733, 94)
(36, 10, 0.7509466514979733, 94)
(36, 12, 0.7509466514979733, 94)
(36, 13, 0.7509466514979733, 94)
(36, 14, 0.7509466514979733, 94)
(36, 15, 0.7509466514979733, 94)
(36, 16, 0.7509466514979733, 94)
(36, 18, 0.7509466514979733, 94)
(36, 19, 0.7509466514979733, 94)
(36, 20, 0.7509466514979733, 94)
(36, 21, 0.7509466514979733, 94)
(36, 22, 0.7509466514979733, 94)
(36, 23, 0.7509466514979733, 94)
(36, 24, 0.7509466514979733, 94)
(36, 26, 0.7509466514979733, 94)
(36, 27, 0.7509466514979733, 94)
(36, 28, 0.7509466514979733, 94)
(36, 29, 0.7509466514979733, 94)
(36, 31, 0.7509466514979733, 94)
(36, 33, 0.7509466514979733, 94)
(36, 34, 0.7509466514979733, 94)
(36, 35, 0.7509466514979733, 94)
(36, 36, 0.7509466514979733, 94)
(36, 37, 0.7509466514979733, 94)
(37, 1, 0.675851986348176, 94)
(37, 3, 0.675851986348176, 94)
(37, 4, 0.675851986348176, 94)
(37, 5, 0.675851986348176, 94)
(37, 6, 0.675851986348176, 94)
(37, 7, 0.675851986348176, 94)
(37, 8, 0.675851986348176, 94)
(37, 9, 0.675851986348176, 94)
(37, 10, 0.675851986348176, 94)
(37, 11, 0.675851986348176, 94)
(37, 13, 0.675851986348176, 94)
(37, 14, 0.675851986348176, 94)
(37, 15, 0.675851986348176, 94)
(37, 16, 0.675851986348176, 94)
(37, 17, 0.675851986348176, 94)
(37, 18, 0.675851986348176, 94)
(37, 19, 0.675851986348176, 94)
(37, 20, 0.675851986348176, 94)
(37, 21, 0.675851986348176, 94)
(37, 22, 0.675851986348176, 94)
(37, 23, 0.675851986348176, 94)
(37, 24, 0.675851986348176, 94)
(37, 25, 0.675851986348176, 94)
(37, 26, 0.675851986348176, 94)
(37, 27, 0.675851986348176, 94)
(37, 28, 0.675851986348176, 94)
(37, 31, 0.675851986348176, 94)
(37, 32, 0.675851986348176, 94)
(37, 33, 0.675851986348176, 94)
(37, 34, 0.675851986348176, 94)
(38, 1, 0.6082667877133584, 94)
(38, 2, 0.6082667877133584, 94)
(38, 3, 0.6082667877133584, 94)
(38, 4, 0.6082667877133584, 94)
(38, 5, 0.6082667877133584, 94)
(38, 6, 0.6082667877133584, 94)
(38, 7, 0.6082667877133584, 94)
(38, 8, 0.6082667877133584, 94)
(38, 9, 0.6082667877133584, 94)
(38, 10, 0.6082667877133584, 94)
(38, 11, 0.6082667877133584, 94)
(38, 12, 0.6082667877133584, 94)
(38, 13, 0.6082667877133584, 94)
(38, 14, 0.6082667877133584, 94)
(38, 15, 0.6082667877133584, 94)
(38, 16, 0.6082667877133584, 94)
(38, 17, 0.6082667877133584, 94)
(38, 18, 0.6082667877133584, 94)
(38, 19, 0.6082667877133584, 94)
(38, 21, 0.6082667877133584, 94)
(38, 22, 0.6082667877133584, 94)
(38, 24, 0.6082667877133584, 94)
(38, 25, 0.6082667877133584, 94)
(38, 26, 0.6082667877133584, 94)
(38, 27, 0.6082667877133584, 94)
(38, 28, 0.6082667877133584, 94)
(38, 29, 0.6082667877133584, 94)
(38, 31, 0.6082667877133584, 94)
(38, 32, 0.6082667877133584, 94)
(38, 33, 0.6082667877133584, 94)
(39, 1, 0.5474401089420226, 94)
(39, 2, 0.5474401089420226, 94)
(39, 3, 0.5474401089420226, 94)
(39, 4, 0.5474401089420226, 94)
(39, 5, 0.5474401089420226, 94)
(39, 6, 0.5474401089420226, 94)
(39, 8, 0.5474401089420226, 94)
(39, 9, 0.5474401089420226, 94)
(39, 10, 0.5474401089420226, 94)
(39, 11, 0.5474401089420226, 94)
(39, 12, 0.5474401089420226, 94)
(39, 13, 0.5474401089420226, 94)
(39, 15, 0.5474401089420226, 94)
(39, 16, 0.5474401089420226, 94)
(39, 17, 0.5474401089420226, 94)
(39, 18, 0.5474401089420226, 94)
(39, 21, 0.5474401089420226, 94)
(39, 22, 0.5474401089420226, 94)
(39, 23, 0.5474401089420226, 94)
(39, 24, 0.5474401089420226, 94)
(39, 26, 0.5474401089420226, 94)
(39, 27, 0.5474401089420226, 94)
(39, 29, 0.5474401089420226, 94)
(39, 30, 0.5474401089420226, 94)
(39, 31, 0.5474401089420226, 94)
(39, 32, 0.5474401089420226, 94)
(39, 33, 0.5474401089420226, 94)
(39, 34, 0.5474401089420226, 94)
(39, 38, 0.5474401089420226, 94)
(39, 39, 0.5474401089420226, 94)
(40, 1, 0.49269609804782033, 94)
(40, 2, 0.49269609804782033, 94)
(40, 3, 0.49269609804782033, 94)
(40, 4, 0.49269609804782033, 94)
(40, 6, 0.49269609804782033, 94)
(40, 7, 0.49269609804782033, 94)
(40, 8, 0.49269609804782033, 94)
(40, 9, 0.49269609804782033, 94)
(40, 10, 0.49269609804782033, 94)
(40, 11, 0.49269609804782033, 94)
(40, 12, 0.49269609804782033, 94)
(40, 13, 0.49269609804782033, 94)
(40, 15, 0.49269609804782033, 94)
(40, 16, 0.49269609804782033, 94)
(40, 17, 0.49269609804782033, 94)
(40, 18, 0.49269609804782033, 94)
(40, 19, 0.49269609804782033, 94)
(40, 20, 0.49269609804782033, 94)
(40, 21, 0.49269609804782033, 94)
(40, 22, 0.49269609804782033, 94)
(40, 23, 0.49269609804782033, 94)
(40, 24, 0.49269609804782033, 94)
(40, 25, 0.49269609804782033, 94)
(40, 26, 0.49269609804782033, 94)
(40, 27, 0.49269609804782033, 94)
(40, 28, 0.49269609804782033, 94)
(40, 29, 0.49269609804782033, 94)
(40, 30, 0.49269609804782033, 94)
(40, 31, 0.49269609804782033, 94)
(40, 32, 0.49269609804782033, 94)
(41, 1, 0.4434264882430383, 94)
(41, 2, 0.4434264882430383, 94)
(41, 3, 0.4434264882430383, 94)
(41, 4, 0.4434264882430383, 94)
(41, 5, 0.4434264882430383, 94)
(41, 6, 0.4434264882430383, 94)
(41, 7, 0.4434264882430383, 94)
(41, 8, 0.4434264882430383, 94)
(41, 9, 0.4434264882430383, 94)
(41, 10, 0.4434264882430383, 94)
(41, 11, 0.4434264882430383, 94)
(41, 12, 0.4434264882430383, 94)
(41, 13, 0.4434264882430383, 94)
(41, 14, 0.4434264882430383, 94)
(41, 15, 0.4434264882430383, 94)
(41, 16, 0.4434264882430383, 94)
(41, 17, 0.4434264882430383, 94)
(41, 18, 0.4434264882430383, 94)
(41, 20, 0.4434264882430383, 94)
(41, 21, 0.4434264882430383, 94)
(41, 22, 0.4434264882430383, 94)
(41, 23, 0.4434264882430383, 94)
(41, 24, 0.4434264882430383, 94)
(41, 25, 0.4434264882430383, 94)
(41, 26, 0.4434264882430383, 94)
(41, 27, 0.4434264882430383, 94)
(41, 28, 0.4434264882430383, 94)
(41, 29, 0.4434264882430383, 94)
(41, 30, 0.4434264882430383, 94)
(41, 31, 0.4434264882430383, 94)
(42, 2, 0.3990838394187345, 94)
(42, 3, 0.3990838394187345, 94)
(42, 4, 0.3990838394187345, 94)
(42, 5, 0.3990838394187345, 94)
(42, 6, 0.3990838394187345, 94)
(42, 8, 0.3990838394187345, 94)
(42, 9, 0.3990838394187345, 94)
(42, 10, 0.3990838394187345, 94)
(42, 11, 0.3990838394187345, 94)
(42, 12, 0.3990838394187345, 94)
(42, 13, 0.3990838394187345, 94)
(42, 15, 0.3990838394187345, 94)
(42, 16, 0.3990838394187345, 94)
(42, 17, 0.3990838394187345, 94)
(42, 18, 0.3990838394187345, 94)
(42, 19, 0.3990838394187345, 94)
(42, 20, 0.3990838394187345, 94)
(42, 21, 0.3990838394187345, 94)
(42, 23, 0.3990838394187345, 94)
(42, 24, 0.3990838394187345, 94)
(42, 25, 0.3990838394187345, 94)
(42, 26, 0.3990838394187345, 94)
(42, 27, 0.3990838394187345, 94)
(42, 29, 0.3990838394187345, 94)
(42, 31, 0.3990838394187345, 94)
(42, 33, 0.3990838394187345, 94)
(42, 40, 0.3990838394187345, 94)
(42, 41, 0.3990838394187345, 94)
(42, 42, 0.3990838394187345, 94)
(42, 43, 0.3990838394187345, 94)
(43, 1, 0.359175455476861, 94)
(43, 2, 0.359175455476861, 94)
(43, 3, 0.359175455476861, 94)
(43, 4, 0.359175455476861, 94)
(43, 5, 0.359175455476861, 94)
(43, 6, 0.359175455476861, 94)
(43, 7, 0.359175455476861, 94)
(43, 8, 0.359175455476861, 94)
(43, 9, 0.359175455476861, 94)
(43, 10, 0.359175455476861, 94)
(43, 11, 0.359175455476861, 94)
(43, 12, 0.359175455476861, 94)
(43, 13, 0.359175455476861, 94)
(43, 14, 0.359175455476861, 94)
(43, 15, 0.359175455476861, 94)
(43, 16, 0.359175455476861, 94)
(43, 18, 0.359175455476861, 94)
(43, 19, 0.359175455476861, 94)
(43, 20, 0.359175455476861, 94)
(43, 22, 0.359175455476861, 94)
(43, 23, 0.359175455476861, 94)
(43, 24, 0.359175455476861, 94)
(43, 25, 0.359175455476861, 94)
(43, 26, 0.359175455476861, 94)
(43, 28, 0.359175455476861, 94)
(43, 29, 0.359175455476861, 94)
(43, 30, 0.359175455476861, 94)
(43, 31, 0.359175455476861, 94)
(43, 32, 0.359175455476861, 94)
(43, 33, 0.359175455476861, 94)
(44, 1, 0.3232579099291749, 94)
(44, 2, 0.3232579099291749, 94)
(44, 3, 0.3232579099291749, 94)
(44, 4, 0.3232579099291749, 94)
(44, 5, 0.3232579099291749, 94)
(44, 6, 0.3232579099291749, 94)
(44, 7, 0.3232579099291749, 94)
(44, 8, 0.3232579099291749, 94)
(44, 9, 0.3232579099291749, 94)
(44, 10, 0.3232579099291749, 94)
(44, 11, 0.3232579099291749, 94)
(44, 12, 0.3232579099291749, 94)
(44, 13, 0.3232579099291749, 94)
(44, 14, 0.3232579099291749, 94)
(44, 15, 0.3232579099291749, 94)
(44, 16, 0.3232579099291749, 94)
(44, 17, 0.3232579099291749, 94)
(44, 18, 0.3232579099291749, 94)
(44, 19, 0.3232579099291749, 94)
(44, 20, 0.3232579099291749, 94)
(44, 21, 0.3232579099291749, 94)
(44, 22, 0.3232579099291749, 94)
(44, 23, 0.3232579099291749, 94)
(44, 24, 0.3232579099291749, 94)
(44, 25, 0.3232579099291749, 94)
(44, 26, 0.3232579099291749, 94)
(44, 27, 0.3232579099291749, 94)
(44, 29, 0.3232579099291749, 94)
(44, 30, 0.3232579099291749, 94)
(44, 32, 0.3232579099291749, 94)
(45, 2, 0.2909321189362574, 94)
(45, 3, 0.2909321189362574, 94)
(45, 4, 0.2909321189362574, 94)
(45, 6, 0.2909321189362574, 94)
(45, 7, 0.2909321189362574, 94)
(45, 8, 0.2909321189362574, 94)
(45, 9, 0.2909321189362574, 94)
(45, 10, 0.2909321189362574, 94)
(45, 11, 0.2909321189362574, 94)
(45, 12, 0.2909321189362574, 94)
(45, 13, 0.2909321189362574, 94)
(45, 14, 0.2909321189362574, 94)
(45, 16, 0.2909321189362574, 94)
(45, 17, 0.2909321189362574, 94)
(45, 18, 0.2909321189362574, 94)
(45, 19, 0.2909321189362574, 94)
(45, 20, 0.2909321189362574, 94)
(45, 21, 0.2909321189362574, 94)
(45, 22, 0.2909321189362574, 94)
(45, 23, 0.2909321189362574, 94)
(45, 24, 0.2909321189362574, 94)
(45, 25, 0.2909321189362574, 94)
(45, 26, 0.2909321189362574, 94)
(45, 27, 0.2909321189362574, 94)
(45, 29, 0.2909321189362574, 94)
(45, 30, 0.2909321189362574, 94)
(45, 31, 0.2909321189362574, 94)
(45, 33, 0.2909321189362574, 94)
(45, 34, 0.2909321189362574, 94)
(45, 35, 0.2909321189362574, 94)
(46, 1, 0.2618389070426317, 94)
(46, 3, 0.2618389070426317, 94)
(46, 4, 0.2618389070426317, 94)
(46, 5, 0.2618389070426317, 94)
(46, 7, 0.2618389070426317, 94)
(46, 8, 0.2618389070426317, 94)
(46, 9, 0.2618389070426317, 94)
(46, 10, 0.2618389070426317, 94)
(46, 11, 0.2618389070426317, 94)
(46, 12, 0.2618389070426317, 86)
(46, 13, 0.2618389070426317, 86)
(46, 14, 0.2618389070426317, 86)
(46, 15, 0.2618389070426317, 86)
(46, 16, 0.2618389070426317, 86)
(46, 17, 0.2618389070426317, 86)
(46, 18, 0.2618389070426317, 86)
(46, 19, 0.2618389070426317, 86)
(46, 20, 0.2618389070426317, 86)
(46, 21, 0.2618389070426317, 86)
(46, 22, 0.2618389070426317, 86)
(46, 23, 0.2618389070426317, 86)
(46, 24, 0.2618389070426317, 86)
(46, 25, 0.2618389070426317, 86)
(46, 26, 0.2618389070426317, 86)
(46, 27, 0.2618389070426317, 86)
(46, 28, 0.2618389070426317, 86)
(46, 29, 0.2618389070426317, 86)
(46, 30, 0.2618389070426317, 86)
(46, 31, 0.2618389070426317, 86)
(46, 32, 0.2618389070426317, 86)
(47, 1, 0.23565501633836852, 86)
(47, 2, 0.23565501633836852, 86)
(47, 3, 0.23565501633836852, 86)
(47, 4, 0.23565501633836852, 86)
(47, 5, 0.23565501633836852, 86)
(47, 6, 0.23565501633836852, 86)
(47, 8, 0.23565501633836852, 86)
(47, 9, 0.23565501633836852, 86)
(47, 10, 0.23565501633836852, 86)
(47, 11, 0.23565501633836852, 86)
(47, 12, 0.23565501633836852, 86)
(47, 13, 0.23565501633836852, 86)
(47, 15, 0.23565501633836852, 86)
(47, 16, 0.23565501633836852, 86)
(47, 17, 0.23565501633836852, 86)
(47, 19, 0.23565501633836852, 86)
(47, 20, 0.23565501633836852, 86)
(47, 21, 0.23565501633836852, 86)
(47, 22, 0.23565501633836852, 86)
(47, 23, 0.23565501633836852, 86)
(47, 24, 0.23565501633836852, 86)
(47, 25, 0.23565501633836852, 86)
(47, 26, 0.23565501633836852, 86)
(47, 27, 0.23565501633836852, 86)
(47, 28, 0.23565501633836852, 86)
(47, 30, 0.23565501633836852, 86)
(47, 32, 0.23565501633836852, 86)
(47, 33, 0.23565501633836852, 86)
(47, 35, 0.23565501633836852, 86)
(47, 36, 0.23565501633836852, 86)
(48, 1, 0.21208951470453166, 86)
(48, 2, 0.21208951470453166, 86)
(48, 3, 0.21208951470453166, 86)
(48, 4, 0.21208951470453166, 86)
(48, 5, 0.21208951470453166, 86)
(48, 6, 0.21208951470453166, 86)
(48, 7, 0.21208951470453166, 86)
(48, 8, 0.21208951470453166, 86)
(48, 9, 0.21208951470453166, 86)
(48, 10, 0.21208951470453166, 86)
(48, 11, 0.21208951470453166, 86)
(48, 12, 0.21208951470453166, 86)
(48, 13, 0.21208951470453166, 86)
(48, 14, 0.21208951470453166, 86)
(48, 15, 0.21208951470453166, 86)
(48, 16, 0.21208951470453166, 86)
(48, 17, 0.21208951470453166, 86)
(48, 19, 0.21208951470453166, 86)
(48, 20, 0.21208951470453166, 86)
(48, 21, 0.21208951470453166, 86)
(48, 22, 0.21208951470453166, 86)
(48, 23, 0.21208951470453166, 86)
(48, 24, 0.21208951470453166, 86)
(48, 25, 0.21208951470453166, 86)
(48, 26, 0.21208951470453166, 86)
(48, 27, 0.21208951470453166, 86)
(48, 28, 0.21208951470453166, 86)
(48, 29, 0.21208951470453166, 86)
(48, 30, 0.21208951470453166, 86)
(48, 31, 0.21208951470453166, 86)
(49, 1, 0.1908805632340785, 86)
(49, 2, 0.1908805632340785, 86)
(49, 3, 0.1908805632340785, 86)
(49, 4, 0.1908805632340785, 86)
(49, 5, 0.1908805632340785, 86)
(49, 6, 0.1908805632340785, 86)
(49, 7, 0.1908805632340785, 86)
(49, 9, 0.1908805632340785, 86)
(49, 10, 0.1908805632340785, 86)
(49, 11, 0.1908805632340785, 86)
(49, 12, 0.1908805632340785, 86)
(49, 13, 0.1908805632340785, 86)
(49, 14, 0.1908805632340785, 86)
(49, 15, 0.1908805632340785, 86)
(49, 16, 0.1908805632340785, 86)
(49, 17, 0.1908805632340785, 86)
(49, 18, 0.1908805632340785, 86)
(49, 19, 0.1908805632340785, 86)
(49, 20, 0.1908805632340785, 86)
(49, 21, 0.1908805632340785, 86)
(49, 23, 0.1908805632340785, 86)
(49, 24, 0.1908805632340785, 86)
(49, 25, 0.1908805632340785, 86)
(49, 26, 0.1908805632340785, 86)
(49, 27, 0.1908805632340785, 86)
(49, 28, 0.1908805632340785, 86)
(49, 30, 0.1908805632340785, 86)
(49, 31, 0.1908805632340785, 86)
(49, 32, 0.1908805632340785, 86)
(49, 33, 0.1908805632340785, 86)
(50, 1, 0.17179250691067066, 86)
(50, 2, 0.17179250691067066, 86)
(50, 3, 0.17179250691067066, 86)
(50, 4, 0.17179250691067066, 86)
(50, 5, 0.17179250691067066, 86)
(50, 6, 0.17179250691067066, 86)
(50, 7, 0.17179250691067066, 86)
(50, 8, 0.17179250691067066, 82)
(50, 9, 0.17179250691067066, 82)
(50, 10, 0.17179250691067066, 82)
(50, 11, 0.17179250691067066, 82)
(50, 12, 0.17179250691067066, 82)
(50, 13, 0.17179250691067066, 82)
(50, 14, 0.17179250691067066, 82)
(50, 16, 0.17179250691067066, 82)
(50, 17, 0.17179250691067066, 82)
(50, 18, 0.17179250691067066, 82)
(50, 19, 0.17179250691067066, 82)
(50, 20, 0.17179250691067066, 82)
(50, 21, 0.17179250691067066, 82)
(50, 22, 0.17179250691067066, 82)
(50, 23, 0.17179250691067066, 82)
(50, 24, 0.17179250691067066, 82)
(50, 25, 0.17179250691067066, 82)
(50, 26, 0.17179250691067066, 82)
(50, 27, 0.17179250691067066, 82)
(50, 28, 0.17179250691067066, 82)
(50, 29, 0.17179250691067066, 82)
(50, 30, 0.17179250691067066, 82)
(50, 31, 0.17179250691067066, 82)
(51, 2, 0.1546132562196036, 82)
(51, 3, 0.1546132562196036, 82)
(51, 5, 0.1546132562196036, 82)
(51, 6, 0.1546132562196036, 82)
(51, 7, 0.1546132562196036, 82)
(51, 8, 0.1546132562196036, 82)
(51, 11, 0.1546132562196036, 82)
(51, 13, 0.1546132562196036, 82)
(51, 14, 0.1546132562196036, 82)
(51, 15, 0.1546132562196036, 82)
(51, 16, 0.1546132562196036, 82)
(51, 17, 0.1546132562196036, 82)
(51, 18, 0.1546132562196036, 82)
(51, 19, 0.1546132562196036, 82)
(51, 20, 0.1546132562196036, 82)
(51, 21, 0.1546132562196036, 82)
(51, 22, 0.1546132562196036, 82)
(51, 23, 0.1546132562196036, 82)
(51, 24, 0.1546132562196036, 82)
(51, 25, 0.1546132562196036, 82)
(51, 26, 0.1546132562196036, 82)
(51, 27, 0.1546132562196036, 82)
(51, 28, 0.1546132562196036, 82)
(51, 29, 0.1546132562196036, 82)
(51, 30, 0.1546132562196036, 82)
(51, 31, 0.1546132562196036, 82)
(51, 32, 0.1546132562196036, 82)
(51, 33, 0.1546132562196036, 82)
(51, 34, 0.1546132562196036, 82)
(51, 37, 0.1546132562196036, 82)
(52, 1, 0.13915193059764325, 82)
(52, 2, 0.13915193059764325, 82)
(52, 3, 0.13915193059764325, 82)
(52, 4, 0.13915193059764325, 82)
(52, 5, 0.13915193059764325, 82)
(52, 6, 0.13915193059764325, 82)
(52, 7, 0.13915193059764325, 82)
(52, 8, 0.13915193059764325, 82)
(52, 9, 0.13915193059764325, 82)
(52, 10, 0.13915193059764325, 82)
(52, 11, 0.13915193059764325, 82)
(52, 13, 0.13915193059764325, 82)
(52, 14, 0.13915193059764325, 82)
(52, 15, 0.13915193059764325, 82)
(52, 16, 0.13915193059764325, 82)
(52, 17, 0.13915193059764325, 82)
(52, 18, 0.13915193059764325, 82)
(52, 19, 0.13915193059764325, 82)
(52, 20, 0.13915193059764325, 82)
(52, 21, 0.13915193059764325, 82)
(52, 22, 0.13915193059764325, 82)
(52, 23, 0.13915193059764325, 82)
(52, 24, 0.13915193059764325, 82)
(52, 25, 0.13915193059764325, 82)
(52, 26, 0.13915193059764325, 82)
(52, 27, 0.13915193059764325, 82)
(52, 29, 0.13915193059764325, 82)
(52, 30, 0.13915193059764325, 82)
(52, 31, 0.13915193059764325, 82)
(52, 32, 0.13915193059764325, 82)
(53, 1, 0.12523673753787892, 82)
(53, 2, 0.12523673753787892, 82)
(53, 3, 0.12523673753787892, 82)
(53, 4, 0.12523673753787892, 82)
(53, 5, 0.12523673753787892, 82)
(53, 6, 0.12523673753787892, 82)
(53, 7, 0.12523673753787892, 82)
(53, 8, 0.12523673753787892, 82)
(53, 10, 0.12523673753787892, 82)
(53, 11, 0.12523673753787892, 82)
(53, 12, 0.12523673753787892, 82)
(53, 14, 0.12523673753787892, 82)
(53, 15, 0.12523673753787892, 82)
(53, 16, 0.12523673753787892, 82)
(53, 17, 0.12523673753787892, 82)
(53, 18, 0.12523673753787892, 82)
(53, 20, 0.12523673753787892, 82)
(53, 21, 0.12523673753787892, 82)
(53, 22, 0.12523673753787892, 82)
(53, 23, 0.12523673753787892, 82)
(53, 24, 0.12523673753787892, 82)
(53, 25, 0.12523673753787892, 82)
(53, 27, 0.12523673753787892, 82)
(53, 28, 0.12523673753787892, 82)
(53, 29, 0.12523673753787892, 82)
(53, 30, 0.12523673753787892, 82)
(53, 31, 0.12523673753787892, 82)
(53, 32, 0.12523673753787892, 82)
(53, 33, 0.12523673753787892, 82)
(53, 34, 0.12523673753787892, 82)
(54, 1, 0.11271306378409103, 82)
(54, 2, 0.11271306378409103, 82)
(54, 3, 0.11271306378409103, 82)
(54, 4, 0.11271306378409103, 82)
(54, 5, 0.11271306378409103, 82)
(54, 6, 0.11271306378409103, 82)
(54, 7, 0.11271306378409103, 82)
(54, 8, 0.11271306378409103, 82)
(54, 9, 0.11271306378409103, 82)
(54, 10, 0.11271306378409103, 82)
(54, 11, 0.11271306378409103, 82)
(54, 12, 0.11271306378409103, 82)
(54, 13, 0.11271306378409103, 82)
(54, 14, 0.11271306378409103, 82)
(54, 15, 0.11271306378409103, 82)
(54, 16, 0.11271306378409103, 82)
(54, 19, 0.11271306378409103, 82)
(54, 21, 0.11271306378409103, 82)
(54, 22, 0.11271306378409103, 82)
(54, 24, 0.11271306378409103, 82)
(54, 25, 0.11271306378409103, 82)
(54, 26, 0.11271306378409103, 82)
(54, 28, 0.11271306378409103, 82)
(54, 29, 0.11271306378409103, 82)
(54, 30, 0.11271306378409103, 82)
(54, 31, 0.11271306378409103, 82)
(54, 32, 0.11271306378409103, 82)
(54, 33, 0.11271306378409103, 82)
(54, 34, 0.11271306378409103, 82)
(54, 35, 0.11271306378409103, 82)
(55, 1, 0.10144175740568193, 82)
(55, 2, 0.10144175740568193, 82)
(55, 3, 0.10144175740568193, 82)
(55, 4, 0.10144175740568193, 82)
(55, 6, 0.10144175740568193, 82)
(55, 7, 0.10144175740568193, 82)
(55, 8, 0.10144175740568193, 82)
(55, 9, 0.10144175740568193, 82)
(55, 10, 0.10144175740568193, 82)
(55, 11, 0.10144175740568193, 82)
(55, 12, 0.10144175740568193, 82)
(55, 13, 0.10144175740568193, 82)
(55, 14, 0.10144175740568193, 82)
(55, 15, 0.10144175740568193, 82)
(55, 16, 0.10144175740568193, 82)
(55, 17, 0.10144175740568193, 82)
(55, 18, 0.10144175740568193, 82)
(55, 19, 0.10144175740568193, 82)
(55, 20, 0.10144175740568193, 82)
(55, 21, 0.10144175740568193, 82)
(55, 22, 0.10144175740568193, 82)
(55, 23, 0.10144175740568193, 82)
(55, 24, 0.10144175740568193, 82)
(55, 27, 0.10144175740568193, 82)
(55, 28, 0.10144175740568193, 82)
(55, 29, 0.10144175740568193, 82)
(55, 31, 0.10144175740568193, 82)
(55, 32, 0.10144175740568193, 82)
(55, 33, 0.10144175740568193, 82)
(55, 35, 0.10144175740568193, 82)
(56, 2, 0.09129758166511373, 82)
(56, 3, 0.09129758166511373, 82)
(56, 4, 0.09129758166511373, 82)
(56, 5, 0.09129758166511373, 82)
(56, 6, 0.09129758166511373, 82)
(56, 7, 0.09129758166511373, 82)
(56, 8, 0.09129758166511373, 82)
(56, 9, 0.09129758166511373, 82)
(56, 10, 0.09129758166511373, 82)
(56, 11, 0.09129758166511373, 82)
(56, 12, 0.09129758166511373, 82)
(56, 13, 0.09129758166511373, 82)
(56, 14, 0.09129758166511373, 82)
(56, 15, 0.09129758166511373, 82)
(56, 16, 0.09129758166511373, 82)
(56, 17, 0.09129758166511373, 82)
(56, 18, 0.09129758166511373, 82)
(56, 19, 0.09129758166511373, 82)
(56, 21, 0.09129758166511373, 82)
(56, 22, 0.09129758166511373, 82)
(56, 23, 0.09129758166511373, 82)
(56, 24, 0.09129758166511373, 82)
(56, 25, 0.09129758166511373, 82)
(56, 26, 0.09129758166511373, 82)
(56, 27, 0.09129758166511373, 82)
(56, 28, 0.09129758166511373, 82)
(56, 29, 0.09129758166511373, 82)
(56, 30, 0.09129758166511373, 82)
(56, 31, 0.09129758166511373, 82)
(56, 32, 0.09129758166511373, 82)
(57, 1, 0.08216782349860235, 82)
(57, 2, 0.08216782349860235, 82)
(57, 3, 0.08216782349860235, 82)
(57, 4, 0.08216782349860235, 82)
(57, 5, 0.08216782349860235, 82)
(57, 6, 0.08216782349860235, 82)
(57, 8, 0.08216782349860235, 82)
(57, 9, 0.08216782349860235, 82)
(57, 11, 0.08216782349860235, 82)
(57, 12, 0.08216782349860235, 82)
(57, 13, 0.08216782349860235, 82)
(57, 14, 0.08216782349860235, 82)
(57, 15, 0.08216782349860235, 82)
(57, 16, 0.08216782349860235, 82)
(57, 17, 0.08216782349860235, 81)
(57, 18, 0.08216782349860235, 81)
(57, 19, 0.08216782349860235, 81)
(57, 20, 0.08216782349860235, 81)
(57, 21, 0.08216782349860235, 81)
(57, 22, 0.08216782349860235, 81)
(57, 23, 0.08216782349860235, 81)
(57, 24, 0.08216782349860235, 81)
(57, 25, 0.08216782349860235, 81)
(57, 26, 0.08216782349860235, 81)
(57, 27, 0.08216782349860235, 81)
(57, 28, 0.08216782349860235, 81)
(57, 29, 0.08216782349860235, 81)
(57, 30, 0.08216782349860235, 81)
(57, 32, 0.08216782349860235, 81)
(57, 33, 0.08216782349860235, 81)
(58, 1, 0.07395104114874212, 81)
(58, 2, 0.07395104114874212, 81)
(58, 3, 0.07395104114874212, 81)
(58, 4, 0.07395104114874212, 81)
(58, 5, 0.07395104114874212, 81)
(58, 6, 0.07395104114874212, 81)
(58, 9, 0.07395104114874212, 81)
(58, 10, 0.07395104114874212, 81)
(58, 11, 0.07395104114874212, 81)
(58, 12, 0.07395104114874212, 81)
(58, 13, 0.07395104114874212, 81)
(58, 14, 0.07395104114874212, 81)
(58, 15, 0.07395104114874212, 81)
(58, 16, 0.07395104114874212, 81)
(58, 17, 0.07395104114874212, 81)
(58, 18, 0.07395104114874212, 81)
(58, 19, 0.07395104114874212, 81)
(58, 20, 0.07395104114874212, 81)
(58, 22, 0.07395104114874212, 81)
(58, 23, 0.07395104114874212, 81)
(58, 24, 0.07395104114874212, 81)
(58, 25, 0.07395104114874212, 81)
(58, 26, 0.07395104114874212, 81)
(58, 28, 0.07395104114874212, 81)
(58, 29, 0.07395104114874212, 81)
(58, 30, 0.07395104114874212, 81)
(58, 31, 0.07395104114874212, 81)
(58, 32, 0.07395104114874212, 81)
(58, 33, 0.07395104114874212, 81)
(58, 34, 0.07395104114874212, 81)
(59, 1, 0.06655593703386792, 81)
(59, 2, 0.06655593703386792, 81)
(59, 3, 0.06655593703386792, 81)
(59, 4, 0.06655593703386792, 81)
(59, 5, 0.06655593703386792, 81)
(59, 6, 0.06655593703386792, 81)
(59, 7, 0.06655593703386792, 81)
(59, 8, 0.06655593703386792, 81)
(59, 9, 0.06655593703386792, 81)
(59, 10, 0.06655593703386792, 81)
(59, 11, 0.06655593703386792, 81)
(59, 12, 0.06655593703386792, 81)
(59, 13, 0.06655593703386792, 81)
(59, 14, 0.06655593703386792, 81)
(59, 15, 0.06655593703386792, 81)
(59, 16, 0.06655593703386792, 81)
(59, 18, 0.06655593703386792, 81)
(59, 19, 0.06655593703386792, 81)
(59, 21, 0.06655593703386792, 81)
(59, 22, 0.06655593703386792, 81)
(59, 23, 0.06655593703386792, 81)
(59, 24, 0.06655593703386792, 81)
(59, 25, 0.06655593703386792, 81)
(59, 26, 0.06655593703386792, 81)
(59, 27, 0.06655593703386792, 81)
(59, 28, 0.06655593703386792, 81)
(59, 29, 0.06655593703386792, 81)
(59, 30, 0.06655593703386792, 81)
(59, 31, 0.06655593703386792, 81)
(59, 32, 0.06655593703386792, 81)
(60, 1, 0.05990034333048113, 81)
(60, 2, 0.05990034333048113, 81)
(60, 4, 0.05990034333048113, 81)
(60, 5, 0.05990034333048113, 81)
(60, 6, 0.05990034333048113, 81)
(60, 8, 0.05990034333048113, 81)
(60, 9, 0.05990034333048113, 81)
(60, 10, 0.05990034333048113, 81)
(60, 11, 0.05990034333048113, 81)
(60, 12, 0.05990034333048113, 81)
(60, 13, 0.05990034333048113, 81)
(60, 14, 0.05990034333048113, 81)
(60, 15, 0.05990034333048113, 81)
(60, 16, 0.05990034333048113, 81)
(60, 17, 0.05990034333048113, 81)
(60, 18, 0.05990034333048113, 81)
(60, 19, 0.05990034333048113, 81)
(60, 20, 0.05990034333048113, 81)
(60, 21, 0.05990034333048113, 81)
(60, 22, 0.05990034333048113, 81)
(60, 23, 0.05990034333048113, 81)
(60, 24, 0.05990034333048113, 81)
(60, 25, 0.05990034333048113, 81)
(60, 26, 0.05990034333048113, 81)
(60, 27, 0.05990034333048113, 81)
(60, 28, 0.05990034333048113, 81)
(60, 29, 0.05990034333048113, 81)
(60, 30, 0.05990034333048113, 81)
(60, 31, 0.05990034333048113, 81)
(60, 32, 0.05990034333048113, 81)
(61, 1, 0.053910308997433015, 81)
(61, 2, 0.053910308997433015, 81)
(61, 3, 0.053910308997433015, 81)
(61, 4, 0.053910308997433015, 81)
(61, 5, 0.053910308997433015, 81)
(61, 6, 0.053910308997433015, 81)
(61, 7, 0.053910308997433015, 81)
(61, 8, 0.053910308997433015, 81)
(61, 9, 0.053910308997433015, 81)
(61, 10, 0.053910308997433015, 81)
(61, 11, 0.053910308997433015, 81)
(61, 12, 0.053910308997433015, 81)
(61, 13, 0.053910308997433015, 81)
(61, 14, 0.053910308997433015, 81)
(61, 15, 0.053910308997433015, 81)
(61, 16, 0.053910308997433015, 81)
(61, 17, 0.053910308997433015, 81)
(61, 18, 0.053910308997433015, 81)
(61, 19, 0.053910308997433015, 81)
(61, 20, 0.053910308997433015, 81)
(61, 21, 0.053910308997433015, 81)
(61, 22, 0.053910308997433015, 81)
(61, 23, 0.053910308997433015, 81)
(61, 24, 0.053910308997433015, 81)
(61, 25, 0.053910308997433015, 81)
(61, 26, 0.053910308997433015, 81)
(61, 27, 0.053910308997433015, 81)
(61, 28, 0.053910308997433015, 81)
(61, 29, 0.053910308997433015, 81)
(61, 30, 0.053910308997433015, 81)
(62, 1, 0.048519278097689716, 81)
(62, 2, 0.048519278097689716, 81)
(62, 3, 0.048519278097689716, 81)
(62, 4, 0.048519278097689716, 81)
(62, 5, 0.048519278097689716, 81)
(62, 6, 0.048519278097689716, 81)
(62, 7, 0.048519278097689716, 81)
(62, 8, 0.048519278097689716, 81)
(62, 9, 0.048519278097689716, 81)
(62, 11, 0.048519278097689716, 81)
(62, 12, 0.048519278097689716, 81)
(62, 13, 0.048519278097689716, 81)
(62, 15, 0.048519278097689716, 81)
(62, 16, 0.048519278097689716, 81)
(62, 17, 0.048519278097689716, 81)
(62, 18, 0.048519278097689716, 81)
(62, 19, 0.048519278097689716, 81)
(62, 20, 0.048519278097689716, 81)
(62, 21, 0.048519278097689716, 81)
(62, 22, 0.048519278097689716, 81)
(62, 23, 0.048519278097689716, 81)
(62, 24, 0.048519278097689716, 81)
(62, 25, 0.048519278097689716, 81)
(62, 26, 0.048519278097689716, 81)
(62, 27, 0.048519278097689716, 81)
(62, 28, 0.048519278097689716, 81)
(62, 29, 0.048519278097689716, 81)
(62, 30, 0.048519278097689716, 81)
(62, 31, 0.048519278097689716, 81)
(62, 32, 0.048519278097689716, 81)
(63, 1, 0.04366735028792074, 81)
(63, 2, 0.04366735028792074, 81)
(63, 3, 0.04366735028792074, 81)
(63, 4, 0.04366735028792074, 81)
(63, 5, 0.04366735028792074, 81)
(63, 6, 0.04366735028792074, 81)
(63, 7, 0.04366735028792074, 81)
(63, 8, 0.04366735028792074, 81)
(63, 10, 0.04366735028792074, 81)
(63, 11, 0.04366735028792074, 81)
(63, 12, 0.04366735028792074, 81)
(63, 13, 0.04366735028792074, 81)
(63, 14, 0.04366735028792074, 81)
(63, 15, 0.04366735028792074, 81)
(63, 17, 0.04366735028792074, 81)
(63, 18, 0.04366735028792074, 81)
(63, 19, 0.04366735028792074, 81)
(63, 20, 0.04366735028792074, 81)
(63, 21, 0.04366735028792074, 81)
(63, 22, 0.04366735028792074, 81)
(63, 23, 0.04366735028792074, 81)
(63, 24, 0.04366735028792074, 81)
(63, 25, 0.04366735028792074, 81)
(63, 26, 0.04366735028792074, 81)
(63, 27, 0.04366735028792074, 81)
(63, 28, 0.04366735028792074, 81)
(63, 29, 0.04366735028792074, 81)
(63, 30, 0.04366735028792074, 81)
(63, 31, 0.04366735028792074, 81)
(63, 32, 0.04366735028792074, 81)
(64, 1, 0.03930061525912867, 81)
(64, 2, 0.03930061525912867, 81)
(64, 4, 0.03930061525912867, 81)
(64, 5, 0.03930061525912867, 81)
(64, 6, 0.03930061525912867, 81)
(64, 7, 0.03930061525912867, 81)
(64, 8, 0.03930061525912867, 81)
(64, 9, 0.03930061525912867, 81)
(64, 10, 0.03930061525912867, 81)
(64, 11, 0.03930061525912867, 81)
(64, 12, 0.03930061525912867, 81)
(64, 13, 0.03930061525912867, 81)
(64, 14, 0.03930061525912867, 81)
(64, 16, 0.03930061525912867, 81)
(64, 18, 0.03930061525912867, 81)
(64, 19, 0.03930061525912867, 81)
(64, 20, 0.03930061525912867, 81)
(64, 21, 0.03930061525912867, 81)
(64, 22, 0.03930061525912867, 81)
(64, 23, 0.03930061525912867, 81)
(64, 24, 0.03930061525912867, 81)
(64, 25, 0.03930061525912867, 81)
(64, 26, 0.03930061525912867, 81)
(64, 27, 0.03930061525912867, 81)
(64, 28, 0.03930061525912867, 81)
(64, 29, 0.03930061525912867, 81)
(64, 31, 0.03930061525912867, 81)
(64, 32, 0.03930061525912867, 81)
(64, 33, 0.03930061525912867, 81)
(64, 34, 0.03930061525912867, 81)
(65, 1, 0.0353705537332158, 81)
(65, 4, 0.0353705537332158, 81)
(65, 5, 0.0353705537332158, 81)
(65, 7, 0.0353705537332158, 81)
(65, 8, 0.0353705537332158, 81)
(65, 9, 0.0353705537332158, 81)
(65, 10, 0.0353705537332158, 81)
(65, 11, 0.0353705537332158, 81)
(65, 12, 0.0353705537332158, 81)
(65, 13, 0.0353705537332158, 81)
(65, 14, 0.0353705537332158, 81)
(65, 16, 0.0353705537332158, 81)
(65, 17, 0.0353705537332158, 81)
(65, 18, 0.0353705537332158, 81)
(65, 19, 0.0353705537332158, 81)
(65, 20, 0.0353705537332158, 81)
(65, 21, 0.0353705537332158, 81)
(65, 22, 0.0353705537332158, 81)
(65, 23, 0.0353705537332158, 81)
(65, 24, 0.0353705537332158, 81)
(65, 25, 0.0353705537332158, 81)
(65, 26, 0.0353705537332158, 81)
(65, 27, 0.0353705537332158, 81)
(65, 28, 0.0353705537332158, 81)
(65, 29, 0.0353705537332158, 81)
(65, 30, 0.0353705537332158, 81)
(65, 32, 0.0353705537332158, 81)
(65, 33, 0.0353705537332158, 81)
(65, 34, 0.0353705537332158, 81)
(65, 35, 0.0353705537332158, 81)
(66, 1, 0.03183349835989422, 81)
(66, 2, 0.03183349835989422, 81)
(66, 3, 0.03183349835989422, 81)
(66, 4, 0.03183349835989422, 81)
(66, 5, 0.03183349835989422, 81)
(66, 6, 0.03183349835989422, 81)
(66, 7, 0.03183349835989422, 81)
(66, 8, 0.03183349835989422, 81)
(66, 9, 0.03183349835989422, 81)
(66, 11, 0.03183349835989422, 81)
(66, 12, 0.03183349835989422, 81)
(66, 13, 0.03183349835989422, 81)
(66, 15, 0.03183349835989422, 81)
(66, 16, 0.03183349835989422, 81)
(66, 17, 0.03183349835989422, 81)
(66, 18, 0.03183349835989422, 81)
(66, 19, 0.03183349835989422, 81)
(66, 20, 0.03183349835989422, 81)
(66, 21, 0.03183349835989422, 81)
(66, 22, 0.03183349835989422, 81)
(66, 23, 0.03183349835989422, 81)
(66, 24, 0.03183349835989422, 81)
(66, 25, 0.03183349835989422, 81)
(66, 26, 0.03183349835989422, 81)
(66, 27, 0.03183349835989422, 81)
(66, 28, 0.03183349835989422, 81)
(66, 29, 0.03183349835989422, 81)
(66, 30, 0.03183349835989422, 81)
(66, 31, 0.03183349835989422, 81)
(66, 32, 0.03183349835989422, 81)
(67, 1, 0.0286501485239048, 81)
(67, 2, 0.0286501485239048, 81)
(67, 3, 0.0286501485239048, 81)
(67, 4, 0.0286501485239048, 81)
(67, 5, 0.0286501485239048, 81)
(67, 6, 0.0286501485239048, 81)
(67, 7, 0.0286501485239048, 81)
(67, 9, 0.0286501485239048, 81)
(67, 10, 0.0286501485239048, 81)
(67, 11, 0.0286501485239048, 81)
(67, 14, 0.0286501485239048, 81)
(67, 15, 0.0286501485239048, 81)
(67, 16, 0.0286501485239048, 81)
(67, 17, 0.0286501485239048, 81)
(67, 18, 0.0286501485239048, 81)
(67, 19, 0.0286501485239048, 81)
(67, 20, 0.0286501485239048, 81)
(67, 21, 0.0286501485239048, 81)
(67, 22, 0.0286501485239048, 81)
(67, 23, 0.0286501485239048, 81)
(67, 24, 0.0286501485239048, 81)
(67, 25, 0.0286501485239048, 81)
(67, 26, 0.0286501485239048, 81)
(67, 27, 0.0286501485239048, 81)
(67, 28, 0.0286501485239048, 81)
(67, 29, 0.0286501485239048, 81)
(67, 30, 0.0286501485239048, 81)
(67, 32, 0.0286501485239048, 81)
(67, 33, 0.0286501485239048, 81)
(67, 35, 0.0286501485239048, 81)
(68, 1, 0.025785133671514318, 81)
(68, 2, 0.025785133671514318, 81)
(68, 3, 0.025785133671514318, 81)
(68, 4, 0.025785133671514318, 81)
(68, 6, 0.025785133671514318, 81)
(68, 7, 0.025785133671514318, 81)
(68, 8, 0.025785133671514318, 81)
(68, 9, 0.025785133671514318, 81)
(68, 10, 0.025785133671514318, 81)
(68, 11, 0.025785133671514318, 81)
(68, 12, 0.025785133671514318, 81)
(68, 13, 0.025785133671514318, 81)
(68, 14, 0.025785133671514318, 81)
(68, 15, 0.025785133671514318, 81)
(68, 16, 0.025785133671514318, 81)
(68, 17, 0.025785133671514318, 81)
(68, 18, 0.025785133671514318, 81)
(68, 19, 0.025785133671514318, 81)
(68, 20, 0.025785133671514318, 81)
(68, 21, 0.025785133671514318, 81)
(68, 22, 0.025785133671514318, 81)
(68, 23, 0.025785133671514318, 81)
(68, 24, 0.025785133671514318, 81)
