100, 100, 30, 30, 0.9, 238
(1, 1, 30, 53)
(1, 2, 30, 53)
(1, 3, 30, 53)
(1, 4, 30, 53)
(1, 5, 30, 53)
(1, 6, 30, 53)
(1, 7, 30, 53)
(1, 8, 30, 53)
(1, 9, 30, 53)
(1, 11, 30, 53)
(1, 12, 30, 53)
(1, 13, 30, 53)
(1, 14, 30, 53)
(1, 15, 30, 53)
(1, 16, 30, 53)
(1, 19, 30, 53)
(1, 20, 30, 53)
(1, 21, 30, 53)
(1, 22, 30, 53)
(1, 23, 30, 53)
(1, 24, 30, 53)
(1, 25, 30, 53)
(1, 26, 30, 53)
(1, 27, 30, 53)
(1, 28, 30, 53)
(1, 29, 30, 53)
(1, 30, 30, 53)
(1, 31, 30, 53)
(1, 32, 30, 53)
(1, 33, 30, 53)
(2, 1, 27.0, 53)
(2, 2, 27.0, 53)
(2, 3, 27.0, 53)
(2, 4, 27.0, 53)
(2, 5, 27.0, 53)
(2, 6, 27.0, 53)
(2, 7, 27.0, 53)
(2, 8, 27.0, 53)
(2, 9, 27.0, 53)
(2, 10, 27.0, 53)
(2, 11, 27.0, 53)
(2, 12, 27.0, 53)
(2, 13, 27.0, 53)
(2, 15, 27.0, 53)
(2, 16, 27.0, 53)
(2, 17, 27.0, 53)
(2, 18, 27.0, 53)
(2, 19, 27.0, 53)
(2, 20, 27.0, 53)
(2, 21, 27.0, 53)
(2, 22, 27.0, 53)
(2, 23, 27.0, 53)
(2, 24, 27.0, 53)
(2, 25, 27.0, 53)
(2, 26, 27.0, 53)
(2, 27, 27.0, 53)
(2, 28, 27.0, 53)
(2, 29, 27.0, 53)
(2, 30, 27.0, 53)
(2, 31, 27.0, 53)
(3, 1, 24.3, 53)
(3, 2, 24.3, 53)
(3, 3, 24.3, 53)
(3, 4, 24.3, 53)
(3, 5, 24.3, 53)
(3, 6, 24.3, 53)
(3, 8, 24.3, 53)
(3, 9, 24.3, 53)
(3, 10, 24.3, 53)
(3, 11, 24.3, 53)
(3, 12, 24.3, 53)
(3, 13, 24.3, 53)
(3, 14, 24.3, 53)
(3, 15, 24.3, 53)
(3, 17, 24.3, 53)
(3, 18, 24.3, 53)
(3, 19, 24.3, 53)
(3, 20, 24.3, 53)
(3, 21, 24.3, 53)
(3, 23, 24.3, 53)
(3, 24, 24.3, 53)
(3, 25, 24.3, 53)
(3, 26, 24.3, 53)
(3, 27, 24.3, 53)
(3, 28, 24.3, 53)
(3, 29, 24.3, 53)
(3, 30, 24.3, 53)
(3, 31, 24.3, 53)
(3, 32, 24.3, 53)
(3, 33, 24.3, 53)
(4, 1, 21.87, 53)
(4, 2, 21.87, 53)
(4, 3, 21.87, 53)
(4, 4, 21.87, 53)
(4, 5, 21.87, 53)
(4, 6, 21.87, 53)
(4, 7, 21.87, 53)
(4, 8, 21.87, 53)
(4, 9, 21.87, 53)
(4, 10, 21.87, 53)
(4, 11, 21.87, 53)
(4, 12, 21.87, 53)
(4, 13, 21.87, 53)
(4, 14, 21.87, 53)
(4, 15, 21.87, 53)
(4, 16, 21.87, 53)
(4, 18, 21.87, 53)
(4, 19, 21.87, 53)
(4, 21, 21.87, 53)
(4, 22, 21.87, 53)
(4, 23, 21.87, 53)
(4, 24, 21.87, 53)
(4, 25, 21.87, 53)
(4, 26, 21.87, 53)
(4, 27, 21.87, 53)
(4, 28, 21.87, 53)
(4, 29, 21.87, 53)
(4, 30, 21.87, 53)
(4, 31, 21.87, 53)
(4, 32, 21.87, 53)
(5, 1, 19.683, 53)
(5, 2, 19.683, 53)
(5, 3, 19.683, 53)
(5, 4, 19.683, 53)
(5, 5, 19.683, 53)
(5, 6, 19.683, 53)
(5, 7, 19.683, 53)
(5, 8, 19.683, 53)
(5, 9, 19.683, 53)
(5, 10, 19.683, 53)
(5, 11, 19.683, 53)
(5, 12, 19.683, 53)
(5, 14, 19.683, 53)
(5, 15, 19.683, 53)
(5, 16, 19.683, 53)
(5, 17, 19.683, 53)
(5, 18, 19.683, 53)
(5, 19, 19.683, 53)
(5, 20, 19.683, 53)
(5, 21, 19.683, 53)
(5, 22, 19.683, 53)
(5, 23, 19.683, 53)
(5, 24, 19.683, 53)
(5, 25, 19.683, 53)
(5, 26, 19.683, 53)
(5, 27, 19.683, 53)
(5, 28, 19.683, 53)
(5, 29, 19.683, 53)
(5, 30, 19.683, 53)
(5, 31, 19.683, 53)
(6, 1, 17.7147, 53)
(6, 2, 17.7147, 53)
(6, 3, 17.7147, 53)
(6, 4, 17.7147, 53)
(6, 6, 17.7147, 53)
(6, 7, 17.7147, 53)
(6, 8, 17.7147, 53)
(6, 9, 17.7147, 53)
(6, 10, 17.7147, 53)
(6, 11, 17.7147, 53)
(6, 12, 17.7147, 53)
(6, 14, 17.7147, 53)
(6, 15, 17.7147, 53)
(6, 16, 17.7147, 53)
(6, 17, 17.7147, 53)
(6, 18, 17.7147, 53)
(6, 19, 17.7147, 53)
(6, 20, 17.7147, 53)
(6, 21, 17.7147, 53)
(6, 22, 17.7147, 53)
(6, 23, 17.7147, 53)
(6, 24, 17.7147, 53)
(6, 25, 17.7147, 53)
(6, 26, 17.7147, 53)
(6, 27, 17.7147, 53)
(6, 28, 17.7147, 53)
(6, 29, 17.7147, 53)
(6, 30, 17.7147, 53)
(6, 31, 17.7147, 53)
(6, 32, 17.7147, 53)
(7, 1, 15.943230000000002, 53)
(7, 2, 15.943230000000002, 53)
(7, 3, 15.943230000000002, 53)
(7, 4, 15.943230000000002, 53)
(7, 5, 15.943230000000002, 53)
(7, 6, 15.943230000000002, 53)
(7, 7, 15.943230000000002, 53)
(7, 9, 15.943230000000002, 53)
(7, 10, 15.943230000000002, 53)
(7, 11, 15.943230000000002, 53)
(7, 12, 15.943230000000002, 53)
(7, 13, 15.943230000000002, 53)
(7, 15, 15.943230000000002, 53)
(7, 16, 15.943230000000002, 53)
(7, 17, 15.943230000000002, 53)
(7, 18, 15.943230000000002, 53)
(7, 19, 15.943230000000002, 53)
(7, 20, 15.943230000000002, 53)
(7, 21, 15.943230000000002, 53)
(7, 22, 15.943230000000002, 53)
(7, 23, 15.943230000000002, 53)
(7, 24, 15.943230000000002, 53)
(7, 26, 15.943230000000002, 53)
(7, 27, 15.943230000000002, 53)
(7, 28, 15.943230000000002, 53)
(7, 29, 15.943230000000002, 53)
(7, 30, 15.943230000000002, 53)
(7, 31, 15.943230000000002, 53)
(7, 32, 15.943230000000002, 53)
(7, 33, 15.943230000000002, 53)
(8, 1, 14.348907000000002, 53)
(8, 2, 14.348907000000002, 53)
(8, 3, 14.348907000000002, 53)
(8, 4, 14.348907000000002, 53)
(8, 5, 14.348907000000002, 53)
(8, 6, 14.348907000000002, 53)
(8, 7, 14.348907000000002, 53)
(8, 8, 14.348907000000002, 53)
(8, 9, 14.348907000000002, 53)
(8, 10, 14.348907000000002, 53)
(8, 11, 14.348907000000002, 53)
(8, 12, 14.348907000000002, 53)
(8, 13, 14.348907000000002, 53)
(8, 14, 14.348907000000002, 53)
(8, 15, 14.348907000000002, 53)
(8, 16, 14.348907000000002, 53)
(8, 17, 14.348907000000002, 53)
(8, 18, 14.348907000000002, 53)
(8, 19, 14.348907000000002, 53)
(8, 20, 14.348907000000002, 53)
(8, 21, 14.348907000000002, 53)
(8, 22, 14.348907000000002, 53)
(8, 23, 14.348907000000002, 53)
(8, 24, 14.348907000000002, 53)
(8, 25, 14.348907000000002, 53)
(8, 26, 14.348907000000002, 53)
(8, 27, 14.348907000000002, 53)
(8, 28, 14.348907000000002, 53)
(8, 29, 14.348907000000002, 53)
(8, 30, 14.348907000000002, 53)
(9, 1, 12.914016300000002, 53)
(9, 2, 12.914016300000002, 53)
(9, 3, 12.914016300000002, 53)
(9, 4, 12.914016300000002, 53)
(9, 7, 12.914016300000002, 53)
(9, 8, 12.914016300000002, 53)
(9, 9, 12.914016300000002, 53)
(9, 10, 12.914016300000002, 53)
(9, 11, 12.914016300000002, 53)
(9, 12, 12.914016300000002, 53)
(9, 13, 12.914016300000002, 53)
(9, 14, 12.914016300000002, 53)
(9, 15, 12.914016300000002, 53)
(9, 16, 12.914016300000002, 53)
(9, 17, 12.914016300000002, 53)
(9, 18, 12.914016300000002, 53)
(9, 19, 12.914016300000002, 53)
(9, 20, 12.914016300000002, 53)
(9, 21, 12.914016300000002, 53)
(9, 22, 12.914016300000002, 53)
(9, 23, 12.914016300000002, 53)
(9, 24, 12.914016300000002, 53)
(9, 25, 12.914016300000002, 53)
(9, 26, 12.914016300000002, 53)
(9, 27, 12.914016300000002, 53)
(9, 28, 12.914016300000002, 53)
(9, 29, 12.914016300000002, 53)
(9, 30, 12.914016300000002, 53)
(9, 31, 12.914016300000002, 53)
(9, 32, 12.914016300000002, 53)
(10, 1, 11.622614670000003, 53)
(10, 3, 11.622614670000003, 53)
(10, 4, 11.622614670000003, 53)
(10, 5, 11.622614670000003, 53)
(10, 6, 11.622614670000003, 53)
(10, 7, 11.622614670000003, 53)
(10, 8, 11.622614670000003, 53)
(10, 9, 11.622614670000003, 53)
(10, 10, 11.622614670000003, 53)
(10, 11, 11.622614670000003, 53)
(10, 12, 11.622614670000003, 53)
(10, 13, 11.622614670000003, 53)
(10, 14, 11.622614670000003, 53)
(10, 15, 11.622614670000003, 53)
(10, 16, 11.622614670000003, 53)
(10, 17, 11.622614670000003, 53)
(10, 18, 11.622614670000003, 53)
(10, 19, 11.622614670000003, 67)
(10, 20, 11.622614670000003, 67)
(10, 21, 11.622614670000003, 67)
(10, 22, 11.622614670000003, 67)
(10, 23, 11.622614670000003, 67)
(10, 24, 11.622614670000003, 67)
(10, 25, 11.622614670000003, 67)
(10, 26, 11.622614670000003, 67)
(10, 29, 11.622614670000003, 67)
(10, 30, 11.622614670000003, 67)
(10, 31, 11.622614670000003, 67)
(10, 32, 11.622614670000003, 67)
(10, 33, 11.622614670000003, 67)
(11, 1, 10.460353203000002, 67)
(11, 2, 10.460353203000002, 67)
(11, 3, 10.460353203000002, 67)
(11, 4, 10.460353203000002, 67)
(11, 5, 10.460353203000002, 67)
(11, 6, 10.460353203000002, 67)
(11, 7, 10.460353203000002, 67)
(11, 8, 10.460353203000002, 67)
(11, 9, 10.460353203000002, 67)
(11, 10, 10.460353203000002, 67)
(11, 11, 10.460353203000002, 67)
(11, 12, 10.460353203000002, 67)
(11, 14, 10.460353203000002, 67)
(11, 15, 10.460353203000002, 67)
(11, 16, 10.460353203000002, 67)
(11, 17, 10.460353203000002, 67)
(11, 18, 10.460353203000002, 67)
(11, 19, 10.460353203000002, 67)
(11, 20, 10.460353203000002, 67)
(11, 21, 10.460353203000002, 67)
(11, 22, 10.460353203000002, 67)
(11, 23, 10.460353203000002, 67)
(11, 24, 10.460353203000002, 67)
(11, 25, 10.460353203000002, 67)
(11, 26, 10.460353203000002, 67)
(11, 27, 10.460353203000002, 67)
(11, 28, 10.460353203000002, 67)
(11, 29, 10.460353203000002, 67)
(11, 30, 10.460353203000002, 67)
(11, 31, 10.460353203000002, 67)
(12, 1, 9.414317882700002, 67)
(12, 2, 9.414317882700002, 67)
(12, 3, 9.414317882700002, 67)
(12, 4, 9.414317882700002, 67)
(12, 5, 9.414317882700002, 67)
(12, 6, 9.414317882700002, 67)
(12, 7, 9.414317882700002, 67)
(12, 8, 9.414317882700002, 67)
(12, 9, 9.414317882700002, 67)
(12, 10, 9.414317882700002, 67)
(12, 11, 9.414317882700002, 67)
(12, 12, 9.414317882700002, 67)
(12, 13, 9.414317882700002, 67)
(12, 14, 9.414317882700002, 67)
(12, 17, 9.414317882700002, 67)
(12, 18, 9.414317882700002, 67)
(12, 19, 9.414317882700002, 67)
(12, 20, 9.414317882700002, 67)
(12, 21, 9.414317882700002, 67)
(12, 22, 9.414317882700002, 67)
(12, 23, 9.414317882700002, 67)
(12, 24, 9.414317882700002, 67)
(12, 25, 9.414317882700002, 67)
(12, 26, 9.414317882700002, 67)
(12, 27, 9.414317882700002, 67)
(12, 28, 9.414317882700002, 67)
(12, 29, 9.414317882700002, 67)
(12, 30, 9.414317882700002, 67)
(12, 31, 9.414317882700002, 67)
(12, 32, 9.414317882700002, 67)
(13, 1, 8.472886094430002, 67)
(13, 2, 8.472886094430002, 67)
(13, 3, 8.472886094430002, 67)
(13, 4, 8.472886094430002, 67)
(13, 5, 8.472886094430002, 67)
(13, 6, 8.472886094430002, 67)
(13, 7, 8.472886094430002, 67)
(13, 8, 8.472886094430002, 67)
(13, 9, 8.472886094430002, 67)
(13, 10, 8.472886094430002, 67)
(13, 11, 8.472886094430002, 67)
(13, 12, 8.472886094430002, 67)
(13, 13, 8.472886094430002, 67)
(13, 14, 8.472886094430002, 67)
(13, 15, 8.472886094430002, 67)
(13, 16, 8.472886094430002, 67)
(13, 17, 8.472886094430002, 67)
(13, 18, 8.472886094430002, 67)
(13, 19, 8.472886094430002, 67)
(13, 20, 8.472886094430002, 67)
(13, 21, 8.472886094430002, 67)
(13, 22, 8.472886094430002, 67)
(13, 23, 8.472886094430002, 67)
(13, 25, 8.472886094430002, 67)
(13, 27, 8.472886094430002, 67)
(13, 28, 8.472886094430002, 67)
(13, 29, 8.472886094430002, 67)
(13, 30, 8.472886094430002, 67)
(13, 31, 8.472886094430002, 67)
(13, 32, 8.472886094430002, 67)
(14, 1, 7.6255974849870025, 67)
(14, 2, 7.6255974849870025, 67)
(14, 3, 7.6255974849870025, 67)
(14, 4, 7.6255974849870025, 67)
(14, 5, 7.6255974849870025, 67)
(14, 6, 7.6255974849870025, 67)
(14, 7, 7.6255974849870025, 67)
(14, 8, 7.6255974849870025, 67)
(14, 9, 7.6255974849870025, 67)
(14, 10, 7.6255974849870025, 67)
(14, 11, 7.6255974849870025, 67)
(14, 12, 7.6255974849870025, 67)
(14, 13, 7.6255974849870025, 67)
(14, 14, 7.6255974849870025, 67)
(14, 15, 7.6255974849870025, 67)
(14, 17, 7.6255974849870025, 67)
(14, 18, 7.6255974849870025, 67)
(14, 19, 7.6255974849870025, 67)
(14, 20, 7.6255974849870025, 67)
(14, 21, 7.6255974849870025, 67)
(14, 22, 7.6255974849870025, 67)
(14, 23, 7.6255974849870025, 67)
(14, 24, 7.6255974849870025, 67)
(14, 25, 7.6255974849870025, 67)
(14, 26, 7.6255974849870025, 67)
(14, 27, 7.6255974849870025, 67)
(14, 28, 7.6255974849870025, 67)
(14, 29, 7.6255974849870025, 67)
(14, 30, 7.6255974849870025, 67)
(14, 31, 7.6255974849870025, 67)
(15, 1, 6.863037736488303, 67)
(15, 2, 6.863037736488303, 67)
(15, 3, 6.863037736488303, 67)
(15, 4, 6.863037736488303, 67)
(15, 6, 6.863037736488303, 67)
(15, 7, 6.863037736488303, 67)
(15, 8, 6.863037736488303, 67)
(15, 9, 6.863037736488303, 67)
(15, 10, 6.863037736488303, 67)
(15, 11, 6.863037736488303, 67)
(15, 12, 6.863037736488303, 67)
(15, 13, 6.863037736488303, 67)
(15, 14, 6.863037736488303, 67)
(15, 15, 6.863037736488303, 67)
(15, 16, 6.863037736488303, 67)
(15, 17, 6.863037736488303, 67)
(15, 18, 6.863037736488303, 67)
(15, 19, 6.863037736488303, 67)
(15, 20, 6.863037736488303, 67)
(15, 21, 6.863037736488303, 67)
(15, 22, 6.863037736488303, 67)
(15, 23, 6.863037736488303, 67)
(15, 24, 6.863037736488303, 67)
(15, 25, 6.863037736488303, 67)
(15, 26, 6.863037736488303, 67)
(15, 27, 6.863037736488303, 67)
(15, 28, 6.863037736488303, 67)
(15, 29, 6.863037736488303, 67)
(15, 32, 6.863037736488303, 67)
(15, 33, 6.863037736488303, 67)
(16, 1, 6.176733962839473, 67)
(16, 2, 6.176733962839473, 67)
(16, 3, 6.176733962839473, 67)
(16, 4, 6.176733962839473, 67)
(16, 5, 6.176733962839473, 67)
(16, 6, 6.176733962839473, 67)
(16, 7, 6.176733962839473, 67)
(16, 8, 6.176733962839473, 67)
(16, 9, 6.176733962839473, 67)
(16, 11, 6.176733962839473, 67)
(16, 12, 6.176733962839473, 67)
(16, 13, 6.176733962839473, 67)
(16, 14, 6.176733962839473, 67)
(16, 15, 6.176733962839473, 67)
(16, 16, 6.176733962839473, 67)
(16, 17, 6.176733962839473, 67)
(16, 18, 6.176733962839473, 67)
(16, 19, 6.176733962839473, 67)
(16, 21, 6.176733962839473, 67)
(16, 22, 6.176733962839473, 67)
(16, 23, 6.176733962839473, 67)
(16, 24, 6.176733962839473, 67)
(16, 25, 6.176733962839473, 67)
(16, 26, 6.176733962839473, 67)
(16, 28, 6.176733962839473, 67)
(16, 29, 6.176733962839473, 67)
(16, 30, 6.176733962839473, 67)
(16, 31, 6.176733962839473, 67)
(16, 32, 6.176733962839473, 67)
(16, 33, 6.176733962839473, 67)
(17, 1, 5.559060566555526, 67)
(17, 2, 5.559060566555526, 67)
(17, 3, 5.559060566555526, 67)
(17, 4, 5.559060566555526, 67)
(17, 5, 5.559060566555526, 67)
(17, 6, 5.559060566555526, 67)
(17, 7, 5.559060566555526, 67)
(17, 8, 5.559060566555526, 67)
(17, 9, 5.559060566555526, 67)
(17, 10, 5.559060566555526, 67)
(17, 11, 5.559060566555526, 67)
(17, 12, 5.559060566555526, 67)
(17, 13, 5.559060566555526, 67)
(17, 14, 5.559060566555526, 67)
(17, 15, 5.559060566555526, 67)
(17, 16, 5.559060566555526, 67)
(17, 17, 5.559060566555526, 67)
(17, 18, 5.559060566555526, 67)
(17, 19, 5.559060566555526, 67)
(17, 20, 5.559060566555526, 67)
(17, 21, 5.559060566555526, 67)
(17, 22, 5.559060566555526, 67)
(17, 23, 5.559060566555526, 67)
(17, 24, 5.559060566555526, 67)
(17, 25, 5.559060566555526, 67)
(17, 26, 5.559060566555526, 67)
(17, 27, 5.559060566555526, 67)
(17, 28, 5.559060566555526, 67)
(17, 29, 5.559060566555526, 67)
(17, 30, 5.559060566555526, 67)
(18, 1, 5.003154509899973, 67)
(18, 2, 5.003154509899973, 67)
(18, 3, 5.003154509899973, 67)
(18, 4, 5.003154509899973, 67)
(18, 5, 5.003154509899973, 67)
(18, 6, 5.003154509899973, 67)
(18, 7, 5.003154509899973, 67)
(18, 8, 5.003154509899973, 67)
(18, 9, 5.003154509899973, 67)
(18, 10, 5.003154509899973, 67)
(18, 11, 5.003154509899973, 67)
(18, 13, 5.003154509899973, 67)
(18, 14, 5.003154509899973, 67)
(18, 15, 5.003154509899973, 67)
(18, 16, 5.003154509899973, 67)
(18, 17, 5.003154509899973, 67)
(18, 19, 5.003154509899973, 67)
(18, 20, 5.003154509899973, 67)
(18, 21, 5.003154509899973, 67)
(18, 22, 5.003154509899973, 67)
(18, 23, 5.003154509899973, 67)
(18, 24, 5.003154509899973, 67)
(18, 25, 5.003154509899973, 67)
(18, 26, 5.003154509899973, 67)
(18, 27, 5.003154509899973, 67)
(18, 28, 5.003154509899973, 67)
(18, 29, 5.003154509899973, 67)
(18, 30, 5.003154509899973, 67)
(18, 31, 5.003154509899973, 67)
(18, 32, 5.003154509899973, 67)
(19, 1, 4.502839058909976, 67)
(19, 2, 4.502839058909976, 67)
(19, 3, 4.502839058909976, 67)
(19, 4, 4.502839058909976, 67)
(19, 5, 4.502839058909976, 67)
(19, 7, 4.502839058909976, 67)
(19, 8, 4.502839058909976, 67)
(19, 9, 4.502839058909976, 67)
(19, 10, 4.502839058909976, 67)
(19, 11, 4.502839058909976, 67)
(19, 12, 4.502839058909976, 67)
(19, 13, 4.502839058909976, 67)
(19, 14, 4.502839058909976, 67)
(19, 15, 4.502839058909976, 67)
(19, 16, 4.502839058909976, 67)
(19, 17, 4.502839058909976, 67)
(19, 18, 4.502839058909976, 67)
(19, 19, 4.502839058909976, 67)
(19, 20, 4.502839058909976, 67)
(19, 22, 4.502839058909976, 67)
(19, 23, 4.502839058909976, 67)
(19, 24, 4.502839058909976, 67)
(19, 25, 4.502839058909976, 67)
(19, 26, 4.502839058909976, 67)
(19, 27, 4.502839058909976, 67)
(19, 28, 4.502839058909976, 67)
(19, 29, 4.502839058909976, 67)
(19, 30, 4.502839058909976, 67)
(19, 31, 4.502839058909976, 67)
(19, 33, 4.502839058909976, 67)
(20, 1, 4.052555153018979, 67)
(20, 2, 4.052555153018979, 67)
(20, 3, 4.052555153018979, 67)
(20, 4, 4.052555153018979, 67)
(20, 5, 4.052555153018979, 67)
(20, 6, 4.052555153018979, 67)
(20, 7, 4.052555153018979, 67)
(20, 8, 4.052555153018979, 67)
(20, 10, 4.052555153018979, 67)
(20, 11, 4.052555153018979, 67)
(20, 12, 4.052555153018979, 67)
(20, 13, 4.052555153018979, 67)
(20, 14, 4.052555153018979, 67)
(20, 15, 4.052555153018979, 67)
(20, 16, 4.052555153018979, 67)
(20, 17, 4.052555153018979, 67)
(20, 18, 4.052555153018979, 67)
(20, 19, 4.052555153018979, 67)
(20, 20, 4.052555153018979, 67)
(20, 21, 4.052555153018979, 67)
(20, 22, 4.052555153018979, 67)
(20, 23, 4.052555153018979, 67)
(20, 24, 4.052555153018979, 67)
(20, 25, 4.052555153018979, 67)
(20, 26, 4.052555153018979, 67)
(20, 27, 4.052555153018979, 67)
(20, 28, 4.052555153018979, 67)
(20, 29, 4.052555153018979, 67)
(20, 32, 4.052555153018979, 67)
(20, 33, 4.052555153018979, 67)
(21, 1, 3.6472996377170808, 67)
(21, 2, 3.6472996377170808, 67)
(21, 3, 3.6472996377170808, 67)
(21, 4, 3.6472996377170808, 67)
(21, 5, 3.6472996377170808, 67)
(21, 6, 3.6472996377170808, 67)
(21, 7, 3.6472996377170808, 67)
(21, 8, 3.6472996377170808, 67)
(21, 9, 3.6472996377170808, 67)
(21, 10, 3.6472996377170808, 67)
(21, 11, 3.6472996377170808, 67)
(21, 12, 3.6472996377170808, 67)
(21, 13, 3.6472996377170808, 67)
(21, 14, 3.6472996377170808, 67)
(21, 15, 3.6472996377170808, 67)
(21, 16, 3.6472996377170808, 67)
(21, 17, 3.6472996377170808, 67)
(21, 18, 3.6472996377170808, 67)
(21, 19, 3.6472996377170808, 67)
(21, 20, 3.6472996377170808, 67)
(21, 21, 3.6472996377170808, 67)
(21, 22, 3.6472996377170808, 67)
(21, 23, 3.6472996377170808, 67)
(21, 24, 3.6472996377170808, 67)
(21, 25, 3.6472996377170808, 67)
(21, 26, 3.6472996377170808, 67)
(21, 27, 3.6472996377170808, 67)
(21, 28, 3.6472996377170808, 67)
(21, 29, 3.6472996377170808, 67)
(21, 30, 3.6472996377170808, 67)
(22, 1, 3.282569673945373, 67)
(22, 2, 3.282569673945373, 67)
(22, 3, 3.282569673945373, 67)
(22, 4, 3.282569673945373, 67)
(22, 5, 3.282569673945373, 67)
(22, 6, 3.282569673945373, 67)
(22, 8, 3.282569673945373, 67)
(22, 9, 3.282569673945373, 67)
(22, 10, 3.282569673945373, 67)
(22, 11, 3.282569673945373, 67)
(22, 12, 3.282569673945373, 67)
(22, 13, 3.282569673945373, 67)
(22, 14, 3.282569673945373, 67)
(22, 15, 3.282569673945373, 67)
(22, 16, 3.282569673945373, 67)
(22, 17, 3.282569673945373, 67)
(22, 18, 3.282569673945373, 67)
(22, 19, 3.282569673945373, 67)
(22, 20, 3.282569673945373, 67)
(22, 21, 3.282569673945373, 67)
(22, 22, 3.282569673945373, 67)
(22, 23, 3.282569673945373, 67)
(22, 24, 3.282569673945373, 67)
(22, 25, 3.282569673945373, 67)
(22, 26, 3.282569673945373, 67)
(22, 27, 3.282569673945373, 67)
(22, 28, 3.282569673945373, 67)
(22, 29, 3.282569673945373, 67)
(22, 30, 3.282569673945373, 67)
(22, 31, 3.282569673945373, 67)
(23, 1, 2.954312706550836, 67)
(23, 2, 2.954312706550836, 67)
(23, 3, 2.954312706550836, 67)
(23, 4, 2.954312706550836, 67)
(23, 5, 2.954312706550836, 67)
(23, 6, 2.954312706550836, 67)
(23, 7, 2.954312706550836, 67)
(23, 8, 2.954312706550836, 67)
(23, 9, 2.954312706550836, 67)
(23, 10, 2.954312706550836, 67)
(23, 11, 2.954312706550836, 67)
(23, 12, 2.954312706550836, 67)
(23, 13, 2.954312706550836, 67)
(23, 14, 2.954312706550836, 67)
(23, 15, 2.954312706550836, 67)
(23, 16, 2.954312706550836, 67)
(23, 17, 2.954312706550836, 67)
(23, 18, 2.954312706550836, 67)
(23, 19, 2.954312706550836, 67)
(23, 20, 2.954312706550836, 67)
(23, 21, 2.954312706550836, 67)
(23, 22, 2.954312706550836, 67)
(23, 23, 2.954312706550836, 67)
(23, 24, 2.954312706550836, 67)
(23, 25, 2.954312706550836, 67)
(23, 26, 2.954312706550836, 67)
(23, 27, 2.954312706550836, 67)
(23, 28, 2.954312706550836, 67)
(23, 29, 2.954312706550836, 67)
(23, 31, 2.954312706550836, 67)
(24, 1, 2.6588814358957524, 67)
(24, 2, 2.6588814358957524, 67)
(24, 3, 2.6588814358957524, 67)
(24, 4, 2.6588814358957524, 67)
(24, 5, 2.6588814358957524, 67)
(24, 6, 2.6588814358957524, 67)
(24, 7, 2.6588814358957524, 67)
(24, 8, 2.6588814358957524, 67)
(24, 9, 2.6588814358957524, 67)
(24, 10, 2.6588814358957524, 67)
(24, 11, 2.6588814358957524, 67)
(24, 12, 2.6588814358957524, 67)
(24, 13, 2.6588814358957524, 67)
(24, 14, 2.6588814358957524, 67)
(24, 15, 2.6588814358957524, 67)
(24, 17, 2.6588814358957524, 67)
(24, 18, 2.6588814358957524, 67)
(24, 19, 2.6588814358957524, 67)
(24, 20, 2.6588814358957524, 67)
(24, 21, 2.6588814358957524, 67)
(24, 22, 2.6588814358957524, 67)
(24, 23, 2.6588814358957524, 67)
(24, 24, 2.6588814358957524, 67)
(24, 25, 2.6588814358957524, 67)
(24, 26, 2.6588814358957524, 67)
(24, 27, 2.6588814358957524, 67)
(24, 28, 2.6588814358957524, 67)
(24, 30, 2.6588814358957524, 67)
(24, 31, 2.6588814358957524, 67)
(24, 32, 2.6588814358957524, 67)
(25, 1, 2.392993292306177, 67)
(25, 2, 2.392993292306177, 67)
(25, 3, 2.392993292306177, 67)
(25, 4, 2.392993292306177, 67)
(25, 5, 2.392993292306177, 67)
(25, 6, 2.392993292306177, 67)
(25, 7, 2.392993292306177, 67)
(25, 8, 2.392993292306177, 67)
(25, 9, 2.392993292306177, 67)
(25, 10, 2.392993292306177, 67)
(25, 11, 2.392993292306177, 67)
(25, 12, 2.392993292306177, 67)
(25, 13, 2.392993292306177, 67)
(25, 14, 2.392993292306177, 67)
(25, 15, 2.392993292306177, 67)
(25, 16, 2.392993292306177, 67)
(25, 17, 2.392993292306177, 67)
(25, 18, 2.392993292306177, 67)
(25, 19, 2.392993292306177, 67)
(25, 20, 2.392993292306177, 67)
(25, 21, 2.392993292306177, 67)
(25, 22, 2.392993292306177, 67)
(25, 23, 2.392993292306177, 67)
(25, 24, 2.392993292306177, 67)
(25, 25, 2.392993292306177, 67)
(25, 26, 2.392993292306177, 67)
(25, 27, 2.392993292306177, 67)
(25, 28, 2.392993292306177, 67)
(25, 29, 2.392993292306177, 67)
(25, 30, 2.392993292306177, 67)
(26, 1, 2.1536939630755594, 67)
(26, 2, 2.1536939630755594, 67)
(26, 3, 2.1536939630755594, 67)
(26, 4, 2.1536939630755594, 67)
(26, 5, 2.1536939630755594, 67)
(26, 6, 2.1536939630755594, 67)
(26, 7, 2.1536939630755594, 67)
(26, 8, 2.1536939630755594, 67)
(26, 9, 2.1536939630755594, 67)
(26, 10, 2.1536939630755594, 67)
(26, 13, 2.1536939630755594, 67)
(26, 14, 2.1536939630755594, 67)
(26, 15, 2.1536939630755594, 67)
(26, 16, 2.1536939630755594, 67)
(26, 17, 2.1536939630755594, 67)
(26, 18, 2.1536939630755594, 67)
(26, 19, 2.1536939630755594, 67)
(26, 20, 2.1536939630755594, 67)
(26, 21, 2.1536939630755594, 67)
(26, 22, 2.1536939630755594, 67)
(26, 23, 2.1536939630755594, 67)
(26, 24, 2.1536939630755594, 67)
(26, 25, 2.1536939630755594, 67)
(26, 26, 2.1536939630755594, 67)
(26, 27, 2.1536939630755594, 67)
(26, 28, 2.1536939630755594, 67)
(26, 29, 2.1536939630755594, 67)
(26, 30, 2.1536939630755594, 67)
(26, 31, 2.1536939630755594, 67)
(26, 32, 2.1536939630755594, 67)
(27, 1, 1.9383245667680036, 67)
(27, 2, 1.9383245667680036, 67)
(27, 3, 1.9383245667680036, 67)
(27, 4, 1.9383245667680036, 67)
(27, 5, 1.9383245667680036, 67)
(27, 6, 1.9383245667680036, 67)
(27, 7, 1.9383245667680036, 67)
(27, 8, 1.9383245667680036, 67)
(27, 9, 1.9383245667680036, 67)
(27, 10, 1.9383245667680036, 67)
(27, 11, 1.9383245667680036, 67)
(27, 12, 1.9383245667680036, 67)
(27, 13, 1.9383245667680036, 67)
(27, 14, 1.9383245667680036, 67)
(27, 15, 1.9383245667680036, 67)
(27, 16, 1.9383245667680036, 67)
(27, 18, 1.9383245667680036, 67)
(27, 19, 1.9383245667680036, 67)
(27, 20, 1.9383245667680036, 67)
(27, 21, 1.9383245667680036, 67)
(27, 22, 1.9383245667680036, 67)
(27, 23, 1.9383245667680036, 67)
(27, 24, 1.9383245667680036, 67)
(27, 25, 1.9383245667680036, 67)
(27, 26, 1.9383245667680036, 67)
(27, 27, 1.9383245667680036, 67)
(27, 28, 1.9383245667680036, 67)
(27, 29, 1.9383245667680036, 67)
(27, 30, 1.9383245667680036, 67)
(27, 31, 1.9383245667680036, 67)
(28, 1, 1.7444921100912032, 67)
(28, 2, 1.7444921100912032, 67)
(28, 3, 1.7444921100912032, 67)
(28, 4, 1.7444921100912032, 67)
(28, 5, 1.7444921100912032, 67)
(28, 6, 1.7444921100912032, 67)
(28, 7, 1.7444921100912032, 67)
(28, 8, 1.7444921100912032, 67)
(28, 9, 1.7444921100912032, 67)
(28, 10, 1.7444921100912032, 67)
(28, 11, 1.7444921100912032, 67)
(28, 12, 1.7444921100912032, 67)
(28, 13, 1.7444921100912032, 67)
(28, 14, 1.7444921100912032, 67)
(28, 16, 1.7444921100912032, 67)
(28, 17, 1.7444921100912032, 67)
(28, 19, 1.7444921100912032, 67)
(28, 20, 1.7444921100912032, 67)
(28, 21, 1.7444921100912032, 67)
(28, 22, 1.7444921100912032, 67)
(28, 23, 1.7444921100912032, 67)
(28, 25, 1.7444921100912032, 67)
(28, 26, 1.7444921100912032, 67)
(28, 27, 1.7444921100912032, 67)
(28, 28, 1.7444921100912032, 67)
(28, 29, 1.7444921100912032, 67)
(28, 30, 1.7444921100912032, 67)
(28, 31, 1.7444921100912032, 67)
(28, 32, 1.7444921100912032, 67)
(28, 33, 1.7444921100912032, 67)
(29, 1, 1.570042899082083, 67)
(29, 2, 1.570042899082083, 67)
(29, 3, 1.570042899082083, 67)
(29, 4, 1.570042899082083, 67)
(29, 5, 1.570042899082083, 67)
(29, 6, 1.570042899082083, 67)
(29, 7, 1.570042899082083, 67)
(29, 8, 1.570042899082083, 67)
(29, 9, 1.570042899082083, 67)
(29, 10, 1.570042899082083, 67)
(29, 11, 1.570042899082083, 67)
(29, 12, 1.570042899082083, 67)
(29, 14, 1.570042899082083, 67)
(29, 16, 1.570042899082083, 67)
(29, 18, 1.570042899082083, 67)
(29, 19, 1.570042899082083, 67)
(29, 20, 1.570042899082083, 67)
(29, 21, 1.570042899082083, 67)
(29, 23, 1.570042899082083, 67)
(29, 24, 1.570042899082083, 67)
(29, 25, 1.570042899082083, 67)
(29, 26, 1.570042899082083, 67)
(29, 27, 1.570042899082083, 67)
(29, 28, 1.570042899082083, 67)
(29, 29, 1.570042899082083, 67)
(29, 30, 1.570042899082083, 67)
(29, 32, 1.570042899082083, 67)
(29, 33, 1.570042899082083, 67)
(29, 34, 1.570042899082083, 67)
(29, 35, 1.570042899082083, 67)
(30, 1, 1.4130386091738747, 67)
(30, 2, 1.4130386091738747, 67)
(30, 3, 1.4130386091738747, 67)
(30, 4, 1.4130386091738747, 67)
(30, 5, 1.4130386091738747, 67)
(30, 6, 1.4130386091738747, 67)
(30, 7, 1.4130386091738747, 67)
(30, 10, 1.4130386091738747, 67)
(30, 11, 1.4130386091738747, 67)
(30, 12, 1.4130386091738747, 67)
(30, 13, 1.4130386091738747, 67)
(30, 14, 1.4130386091738747, 67)
(30, 15, 1.4130386091738747, 67)
(30, 16, 1.4130386091738747, 67)
(30, 17, 1.4130386091738747, 67)
(30, 18, 1.4130386091738747, 67)
(30, 19, 1.4130386091738747, 67)
(30, 20, 1.4130386091738747, 67)
(30, 21, 1.4130386091738747, 67)
(30, 22, 1.4130386091738747, 67)
(30, 23, 1.4130386091738747, 67)
(30, 24, 1.4130386091738747, 67)
(30, 25, 1.4130386091738747, 67)
(30, 27, 1.4130386091738747, 55)
(30, 28, 1.4130386091738747, 55)
(30, 29, 1.4130386091738747, 55)
(30, 30, 1.4130386091738747, 55)
(30, 31, 1.4130386091738747, 55)
(30, 32, 1.4130386091738747, 55)
(30, 33, 1.4130386091738747, 55)
(31, 1, 1.2717347482564874, 55)
(31, 2, 1.2717347482564874, 55)
(31, 3, 1.2717347482564874, 55)
(31, 4, 1.2717347482564874, 55)
(31, 5, 1.2717347482564874, 55)
(31, 6, 1.2717347482564874, 55)
(31, 7, 1.2717347482564874, 55)
(31, 8, 1.2717347482564874, 55)
(31, 9, 1.2717347482564874, 55)
(31, 10, 1.2717347482564874, 55)
(31, 11, 1.2717347482564874, 55)
(31, 12, 1.2717347482564874, 55)
(31, 13, 1.2717347482564874, 55)
(31, 15, 1.2717347482564874, 55)
(31, 16, 1.2717347482564874, 55)
(31, 17, 1.2717347482564874, 55)
(31, 18, 1.2717347482564874, 55)
(31, 19, 1.2717347482564874, 55)
(31, 20, 1.2717347482564874, 55)
(31, 21, 1.2717347482564874, 55)
(31, 22, 1.2717347482564874, 55)
(31, 23, 1.2717347482564874, 55)
(31, 24, 1.2717347482564874, 55)
(31, 25, 1.2717347482564874, 55)
(31, 27, 1.2717347482564874, 55)
(31, 28, 1.2717347482564874, 55)
(31, 29, 1.2717347482564874, 55)
(31, 30, 1.2717347482564874, 55)
(31, 31, 1.2717347482564874, 55)
(31, 32, 1.2717347482564874, 55)
(32, 1, 1.1445612734308386, 55)
(32, 2, 1.1445612734308386, 55)
(32, 3, 1.1445612734308386, 55)
(32, 4, 1.1445612734308386, 55)
(32, 5, 1.1445612734308386, 55)
(32, 6, 1.1445612734308386, 55)
(32, 7, 1.1445612734308386, 61)
(32, 8, 1.1445612734308386, 61)
(32, 9, 1.1445612734308386, 61)
(32, 10, 1.1445612734308386, 61)
(32, 11, 1.1445612734308386, 61)
(32, 12, 1.1445612734308386, 61)
(32, 13, 1.1445612734308386, 61)
(32, 14, 1.1445612734308386, 61)
(32, 16, 1.1445612734308386, 61)
(32, 18, 1.1445612734308386, 61)
(32, 19, 1.1445612734308386, 61)
(32, 20, 1.1445612734308386, 61)
(32, 21, 1.1445612734308386, 61)
(32, 22, 1.1445612734308386, 61)
(32, 23, 1.1445612734308386, 61)
(32, 24, 1.1445612734308386, 61)
(32, 25, 1.1445612734308386, 61)
(32, 26, 1.1445612734308386, 61)
(32, 28, 1.1445612734308386, 61)
(32, 29, 1.1445612734308386, 61)
(32, 30, 1.1445612734308386, 61)
(32, 32, 1.1445612734308386, 61)
(32, 33, 1.1445612734308386, 61)
(32, 34, 1.1445612734308386, 61)
(33, 1, 1.0301051460877548, 61)
(33, 2, 1.0301051460877548, 61)
(33, 3, 1.0301051460877548, 61)
(33, 4, 1.0301051460877548, 61)
(33, 5, 1.0301051460877548, 61)
(33, 6, 1.0301051460877548, 61)
(33, 7, 1.0301051460877548, 61)
(33, 8, 1.0301051460877548, 61)
(33, 10, 1.0301051460877548, 61)
(33, 11, 1.0301051460877548, 61)
(33, 12, 1.0301051460877548, 61)
(33, 13, 1.0301051460877548, 61)
(33, 15, 1.0301051460877548, 61)
(33, 16, 1.0301051460877548, 61)
(33, 17, 1.0301051460877548, 61)
(33, 18, 1.0301051460877548, 61)
(33, 19, 1.0301051460877548, 61)
(33, 20, 1.0301051460877548, 61)
(33, 21, 1.0301051460877548, 61)
(33, 22, 1.0301051460877548, 61)
(33, 23, 1.0301051460877548, 61)
(33, 24, 1.0301051460877548, 61)
(33, 25, 1.0301051460877548, 61)
(33, 26, 1.0301051460877548, 61)
(33, 27, 1.0301051460877548, 61)
(33, 28, 1.0301051460877548, 61)
(33, 29, 1.0301051460877548, 61)
(33, 30, 1.0301051460877548, 61)
(33, 31, 1.0301051460877548, 61)
(33, 32, 1.0301051460877548, 61)
(34, 1, 0.9270946314789794, 61)
(34, 2, 0.9270946314789794, 61)
(34, 3, 0.9270946314789794, 61)
(34, 4, 0.9270946314789794, 61)
(34, 5, 0.9270946314789794, 61)
(34, 6, 0.9270946314789794, 61)
(34, 7, 0.9270946314789794, 61)
(34, 8, 0.9270946314789794, 61)
(34, 9, 0.9270946314789794, 61)
(34, 10, 0.9270946314789794, 61)
(34, 11, 0.9270946314789794, 61)
(34, 12, 0.9270946314789794, 61)
(34, 13, 0.9270946314789794, 61)
(34, 14, 0.9270946314789794, 61)
(34, 15, 0.9270946314789794, 61)
(34, 16, 0.9270946314789794, 61)
(34, 17, 0.9270946314789794, 61)
(34, 18, 0.9270946314789794, 61)
(34, 19, 0.9270946314789794, 61)
(34, 20, 0.9270946314789794, 61)
(34, 21, 0.9270946314789794, 61)
(34, 22, 0.9270946314789794, 61)
(34, 23, 0.9270946314789794, 61)
(34, 24, 0.9270946314789794, 61)
(34, 25, 0.9270946314789794, 61)
(34, 26, 0.9270946314789794, 61)
(34, 27, 0.9270946314789794, 61)
(34, 28, 0.9270946314789794, 61)
(34, 31, 0.9270946314789794, 61)
(34, 32, 0.9270946314789794, 61)
(35, 1, 0.8343851683310815, 61)
(35, 2, 0.8343851683310815, 61)
(35, 3, 0.8343851683310815, 61)
(35, 4, 0.8343851683310815, 61)
(35, 5, 0.8343851683310815, 61)
(35, 6, 0.8343851683310815, 61)
(35, 7, 0.8343851683310815, 61)
(35, 8, 0.8343851683310815, 61)
(35, 9, 0.8343851683310815, 61)
(35, 10, 0.8343851683310815, 61)
(35, 11, 0.8343851683310815, 61)
(35, 12, 0.8343851683310815, 61)
(35, 13, 0.8343851683310815, 61)
(35, 14, 0.8343851683310815, 61)
(35, 15, 0.8343851683310815, 61)
(35, 16, 0.8343851683310815, 61)
(35, 17, 0.8343851683310815, 61)
(35, 18, 0.8343851683310815, 61)
(35, 19, 0.8343851683310815, 61)
(35, 20, 0.8343851683310815, 61)
(35, 21, 0.8343851683310815, 61)
(35, 22, 0.8343851683310815, 61)
(35, 23, 0.8343851683310815, 61)
(35, 24, 0.8343851683310815, 61)
(35, 25, 0.8343851683310815, 61)
(35, 26, 0.8343851683310815, 61)
(35, 27, 0.8343851683310815, 61)
(35, 28, 0.8343851683310815, 61)
(35, 29, 0.8343851683310815, 61)
(35, 30, 0.8343851683310815, 57)
(36, 1, 0.7509466514979733, 57)
(36, 2, 0.7509466514979733, 57)
(36, 3, 0.7509466514979733, 57)
(36, 4, 0.7509466514979733, 57)
(36, 5, 0.7509466514979733, 57)
(36, 6, 0.7509466514979733, 57)
(36, 7, 0.7509466514979733, 57)
(36, 8, 0.7509466514979733, 57)
(36, 9, 0.7509466514979733, 57)
(36, 10, 0.7509466514979733, 57)
(36, 11, 0.7509466514979733, 57)
(36, 12, 0.7509466514979733, 57)
(36, 13, 0.7509466514979733, 57)
(36, 15, 0.7509466514979733, 57)
(36, 16, 0.7509466514979733, 57)
(36, 17, 0.7509466514979733, 57)
(36, 18, 0.7509466514979733, 57)
(36, 19, 0.7509466514979733, 57)
(36, 21, 0.7509466514979733, 57)
(36, 22, 0.7509466514979733, 57)
(36, 23, 0.7509466514979733, 57)
(36, 24, 0.7509466514979733, 57)
(36, 25, 0.7509466514979733, 57)
(36, 26, 0.7509466514979733, 57)
(36, 28, 0.7509466514979733, 57)
(36, 29, 0.7509466514979733, 57)
(36, 30, 0.7509466514979733, 57)
(36, 31, 0.7509466514979733, 57)
(36, 33, 0.7509466514979733, 57)
(36, 34, 0.7509466514979733, 57)
(37, 1, 0.675851986348176, 57)
(37, 2, 0.675851986348176, 57)
(37, 3, 0.675851986348176, 57)
(37, 4, 0.675851986348176, 57)
(37, 5, 0.675851986348176, 57)
(37, 6, 0.675851986348176, 57)
(37, 7, 0.675851986348176, 57)
(37, 8, 0.675851986348176, 57)
(37, 9, 0.675851986348176, 57)
(37, 10, 0.675851986348176, 57)
(37, 11, 0.675851986348176, 57)
(37, 12, 0.675851986348176, 57)
(37, 13, 0.675851986348176, 57)
(37, 14, 0.675851986348176, 57)
(37, 15, 0.675851986348176, 57)
(37, 16, 0.675851986348176, 57)
(37, 17, 0.675851986348176, 57)
(37, 18, 0.675851986348176, 57)
(37, 19, 0.675851986348176, 57)
(37, 20, 0.675851986348176, 57)
