100, 100, 30, 30, 0.9, 238
(1, 1, 30, 18)
(1, 2, 30, 18)
(1, 3, 30, 18)
(1, 5, 30, 18)
(1, 6, 30, 18)
(1, 7, 30, 18)
(1, 8, 30, 18)
(1, 9, 30, 18)
(1, 10, 30, 18)
(1, 11, 30, 18)
(1, 12, 30, 18)
(1, 14, 30, 18)
(1, 15, 30, 18)
(1, 16, 30, 18)
(1, 17, 30, 18)
(1, 18, 30, 18)
(1, 19, 30, 18)
(1, 21, 30, 18)
(1, 22, 30, 18)
(1, 23, 30, 18)
(1, 24, 30, 18)
(1, 25, 30, 18)
(1, 27, 30, 18)
(1, 28, 30, 18)
(1, 29, 30, 18)
(1, 30, 30, 18)
(1, 31, 30, 18)
(1, 32, 30, 18)
(1, 33, 30, 18)
(1, 35, 30, 18)
(2, 1, 27.0, 18)
(2, 2, 27.0, 18)
(2, 3, 27.0, 18)
(2, 4, 27.0, 18)
(2, 5, 27.0, 18)
(2, 6, 27.0, 18)
(2, 7, 27.0, 18)
(2, 8, 27.0, 18)
(2, 9, 27.0, 18)
(2, 10, 27.0, 18)
(2, 11, 27.0, 18)
(2, 12, 27.0, 18)
(2, 13, 27.0, 18)
(2, 14, 27.0, 18)
(2, 15, 27.0, 18)
(2, 16, 27.0, 18)
(2, 18, 27.0, 18)
(2, 19, 27.0, 18)
(2, 20, 27.0, 18)
(2, 21, 27.0, 18)
(2, 22, 27.0, 18)
(2, 24, 27.0, 18)
(2, 26, 27.0, 18)
(2, 27, 27.0, 18)
(2, 28, 27.0, 18)
(2, 29, 27.0, 18)
(2, 30, 27.0, 18)
(2, 32, 27.0, 18)
(2, 33, 27.0, 18)
(2, 34, 27.0, 18)
(3, 1, 24.3, 18)
(3, 2, 24.3, 18)
(3, 3, 24.3, 18)
(3, 4, 24.3, 17)
(3, 5, 24.3, 17)
(3, 6, 24.3, 17)
(3, 7, 24.3, 17)
(3, 8, 24.3, 17)
(3, 10, 24.3, 17)
(3, 11, 24.3, 17)
(3, 12, 24.3, 17)
(3, 15, 24.3, 17)
(3, 16, 24.3, 17)
(3, 17, 24.3, 17)
(3, 18, 24.3, 17)
(3, 19, 24.3, 17)
(3, 20, 24.3, 17)
(3, 21, 24.3, 17)
(3, 22, 24.3, 47)
(3, 23, 24.3, 47)
(3, 24, 24.3, 47)
(3, 27, 24.3, 47)
(3, 28, 24.3, 47)
(3, 29, 24.3, 47)
(3, 30, 24.3, 47)
(3, 31, 24.3, 47)
(3, 32, 24.3, 47)
(3, 33, 24.3, 47)
(3, 34, 24.3, 47)
(3, 35, 24.3, 47)
(4, 1, 21.87, 47)
(4, 2, 21.87, 47)
(4, 3, 21.87, 47)
(4, 4, 21.87, 47)
(4, 5, 21.87, 47)
(4, 6, 21.87, 47)
(4, 7, 21.87, 47)
(4, 8, 21.87, 47)
(4, 9, 21.87, 47)
(4, 10, 21.87, 47)
(4, 11, 21.87, 47)
(4, 12, 21.87, 47)
(4, 13, 21.87, 47)
(4, 14, 21.87, 47)
(4, 15, 21.87, 47)
(4, 16, 21.87, 47)
(4, 17, 21.87, 47)
(4, 19, 21.87, 47)
(4, 20, 21.87, 47)
(4, 21, 21.87, 47)
(4, 22, 21.87, 47)
(4, 23, 21.87, 47)
(4, 24, 21.87, 47)
(4, 25, 21.87, 47)
(4, 26, 21.87, 47)
(4, 27, 21.87, 47)
(4, 28, 21.87, 47)
(4, 29, 21.87, 47)
(4, 30, 21.87, 47)
(4, 31, 21.87, 47)
(5, 1, 19.683, 47)
(5, 2, 19.683, 47)
(5, 3, 19.683, 47)
(5, 4, 19.683, 47)
(5, 5, 19.683, 47)
(5, 6, 19.683, 47)
(5, 7, 19.683, 47)
(5, 8, 19.683, 47)
(5, 9, 19.683, 47)
(5, 10, 19.683, 47)
(5, 11, 19.683, 47)
(5, 13, 19.683, 47)
(5, 14, 19.683, 47)
(5, 17, 19.683, 47)
(5, 18, 19.683, 47)
(5, 19, 19.683, 47)
(5, 20, 19.683, 47)
(5, 21, 19.683, 47)
(5, 22, 19.683, 47)
(5, 23, 19.683, 47)
(5, 24, 19.683, 47)
(5, 26, 19.683, 47)
(5, 27, 19.683, 47)
(5, 28, 19.683, 47)
(5, 29, 19.683, 47)
(5, 30, 19.683, 47)
(5, 31, 19.683, 47)
(5, 32, 19.683, 47)
(5, 33, 19.683, 47)
(5, 34, 19.683, 47)
(6, 3, 17.7147, 47)
(6, 6, 17.7147, 47)
(6, 7, 17.7147, 47)
(6, 8, 17.7147, 47)
(6, 10, 17.7147, 47)
(6, 11, 17.7147, 47)
(6, 12, 17.7147, 47)
(6, 13, 17.7147, 47)
(6, 14, 17.7147, 47)
(6, 15, 17.7147, 47)
(6, 16, 17.7147, 47)
(6, 19, 17.7147, 47)
(6, 20, 17.7147, 64)
(6, 21, 17.7147, 64)
(6, 22, 17.7147, 64)
(6, 23, 17.7147, 64)
(6, 24, 17.7147, 64)
(6, 25, 17.7147, 64)
(6, 27, 17.7147, 64)
(6, 29, 17.7147, 64)
(6, 30, 17.7147, 64)
(6, 31, 17.7147, 64)
(6, 32, 17.7147, 47)
(6, 37, 17.7147, 47)
(6, 38, 17.7147, 47)
(6, 40, 17.7147, 47)
(6, 41, 17.7147, 47)
(6, 42, 17.7147, 47)
(6, 43, 17.7147, 47)
(6, 45, 17.7147, 47)
(7, 1, 15.943230000000002, 47)
(7, 3, 15.943230000000002, 47)
(7, 4, 15.943230000000002, 47)
(7, 6, 15.943230000000002, 73)
(7, 7, 15.943230000000002, 73)
(7, 8, 15.943230000000002, 73)
(7, 9, 15.943230000000002, 73)
(7, 10, 15.943230000000002, 73)
(7, 12, 15.943230000000002, 73)
(7, 13, 15.943230000000002, 73)
(7, 14, 15.943230000000002, 73)
(7, 15, 15.943230000000002, 73)
(7, 16, 15.943230000000002, 73)
(7, 18, 15.943230000000002, 73)
(7, 20, 15.943230000000002, 73)
(7, 21, 15.943230000000002, 73)
(7, 22, 15.943230000000002, 73)
(7, 23, 15.943230000000002, 73)
(7, 25, 15.943230000000002, 73)
(7, 26, 15.943230000000002, 73)
(7, 27, 15.943230000000002, 73)
(7, 28, 15.943230000000002, 73)
(7, 30, 15.943230000000002, 73)
(7, 32, 15.943230000000002, 73)
(7, 35, 15.943230000000002, 73)
(7, 36, 15.943230000000002, 73)
(7, 38, 15.943230000000002, 73)
(7, 40, 15.943230000000002, 73)
(7, 42, 15.943230000000002, 73)
(7, 43, 15.943230000000002, 73)
(8, 1, 14.348907000000002, 73)
(8, 3, 14.348907000000002, 73)
(8, 4, 14.348907000000002, 73)
(8, 5, 14.348907000000002, 73)
(8, 6, 14.348907000000002, 73)
(8, 7, 14.348907000000002, 73)
(8, 8, 14.348907000000002, 73)
(8, 9, 14.348907000000002, 73)
(8, 10, 14.348907000000002, 73)
(8, 11, 14.348907000000002, 73)
(8, 12, 14.348907000000002, 73)
(8, 13, 14.348907000000002, 73)
(8, 14, 14.348907000000002, 73)
(8, 15, 14.348907000000002, 73)
(8, 17, 14.348907000000002, 73)
(8, 18, 14.348907000000002, 73)
(8, 19, 14.348907000000002, 77)
(8, 20, 14.348907000000002, 77)
(8, 21, 14.348907000000002, 77)
(8, 22, 14.348907000000002, 77)
(8, 24, 14.348907000000002, 77)
(8, 25, 14.348907000000002, 77)
(8, 26, 14.348907000000002, 77)
(8, 28, 14.348907000000002, 77)
(8, 29, 14.348907000000002, 77)
(8, 30, 14.348907000000002, 77)
(8, 31, 14.348907000000002, 77)
(8, 32, 14.348907000000002, 77)
(8, 33, 14.348907000000002, 77)
(8, 34, 14.348907000000002, 77)
(9, 1, 12.914016300000002, 77)
(9, 2, 12.914016300000002, 77)
(9, 3, 12.914016300000002, 77)
(9, 4, 12.914016300000002, 77)
(9, 5, 12.914016300000002, 77)
(9, 6, 12.914016300000002, 77)
(9, 7, 12.914016300000002, 77)
(9, 8, 12.914016300000002, 77)
(9, 9, 12.914016300000002, 77)
(9, 10, 12.914016300000002, 77)
(9, 12, 12.914016300000002, 77)
(9, 14, 12.914016300000002, 77)
(9, 16, 12.914016300000002, 77)
(9, 17, 12.914016300000002, 77)
(9, 18, 12.914016300000002, 77)
(9, 19, 12.914016300000002, 77)
(9, 20, 12.914016300000002, 77)
(9, 21, 12.914016300000002, 77)
(9, 22, 12.914016300000002, 77)
(9, 23, 12.914016300000002, 77)
(9, 24, 12.914016300000002, 77)
(9, 25, 12.914016300000002, 77)
(9, 26, 12.914016300000002, 77)
(9, 27, 12.914016300000002, 77)
(9, 28, 12.914016300000002, 77)
(9, 30, 12.914016300000002, 77)
(9, 31, 12.914016300000002, 77)
(9, 32, 12.914016300000002, 77)
(9, 33, 12.914016300000002, 77)
(9, 34, 12.914016300000002, 77)
(10, 1, 11.622614670000003, 77)
(10, 2, 11.622614670000003, 77)
(10, 3, 11.622614670000003, 77)
(10, 4, 11.622614670000003, 77)
(10, 5, 11.622614670000003, 77)
(10, 7, 11.622614670000003, 77)
(10, 8, 11.622614670000003, 77)
(10, 9, 11.622614670000003, 77)
(10, 10, 11.622614670000003, 77)
(10, 11, 11.622614670000003, 77)
(10, 12, 11.622614670000003, 60)
(10, 13, 11.622614670000003, 60)
(10, 14, 11.622614670000003, 60)
(10, 15, 11.622614670000003, 60)
(10, 17, 11.622614670000003, 60)
(10, 18, 11.622614670000003, 60)
(10, 19, 11.622614670000003, 60)
(10, 20, 11.622614670000003, 60)
(10, 22, 11.622614670000003, 60)
(10, 23, 11.622614670000003, 60)
(10, 24, 11.622614670000003, 60)
(10, 25, 11.622614670000003, 61)
(10, 26, 11.622614670000003, 61)
(10, 27, 11.622614670000003, 61)
(10, 28, 11.622614670000003, 61)
(10, 29, 11.622614670000003, 61)
(10, 30, 11.622614670000003, 61)
(10, 31, 11.622614670000003, 61)
(10, 33, 11.622614670000003, 61)
(10, 35, 11.622614670000003, 61)
(11, 1, 10.460353203000002, 61)
(11, 2, 10.460353203000002, 61)
(11, 3, 10.460353203000002, 61)
(11, 4, 10.460353203000002, 61)
(11, 5, 10.460353203000002, 61)
(11, 7, 10.460353203000002, 61)
(11, 8, 10.460353203000002, 61)
(11, 10, 10.460353203000002, 61)
(11, 11, 10.460353203000002, 61)
(11, 12, 10.460353203000002, 61)
(11, 13, 10.460353203000002, 61)
(11, 14, 10.460353203000002, 61)
(11, 15, 10.460353203000002, 61)
(11, 16, 10.460353203000002, 61)
(11, 17, 10.460353203000002, 61)
(11, 18, 10.460353203000002, 61)
(11, 19, 10.460353203000002, 61)
(11, 20, 10.460353203000002, 61)
(11, 21, 10.460353203000002, 61)
(11, 22, 10.460353203000002, 61)
(11, 25, 10.460353203000002, 61)
(11, 26, 10.460353203000002, 61)
(11, 28, 10.460353203000002, 61)
(11, 29, 10.460353203000002, 61)
(11, 30, 10.460353203000002, 61)
(11, 31, 10.460353203000002, 78)
(11, 32, 10.460353203000002, 78)
(11, 33, 10.460353203000002, 78)
(11, 34, 10.460353203000002, 78)
(11, 35, 10.460353203000002, 78)
(12, 2, 9.414317882700002, 78)
(12, 3, 9.414317882700002, 78)
(12, 4, 9.414317882700002, 78)
(12, 5, 9.414317882700002, 78)
(12, 7, 9.414317882700002, 78)
(12, 8, 9.414317882700002, 78)
(12, 9, 9.414317882700002, 78)
(12, 11, 9.414317882700002, 78)
(12, 12, 9.414317882700002, 77)
(12, 15, 9.414317882700002, 77)
(12, 17, 9.414317882700002, 77)
(12, 18, 9.414317882700002, 77)
(12, 19, 9.414317882700002, 77)
(12, 20, 9.414317882700002, 77)
(12, 21, 9.414317882700002, 77)
(12, 22, 9.414317882700002, 77)
(12, 25, 9.414317882700002, 77)
(12, 26, 9.414317882700002, 77)
(12, 27, 9.414317882700002, 77)
(12, 30, 9.414317882700002, 77)
(12, 31, 9.414317882700002, 77)
(12, 33, 9.414317882700002, 77)
(12, 34, 9.414317882700002, 77)
(12, 35, 9.414317882700002, 77)
(12, 36, 9.414317882700002, 77)
(12, 38, 9.414317882700002, 77)
(12, 41, 9.414317882700002, 77)
(12, 42, 9.414317882700002, 77)
(12, 43, 9.414317882700002, 77)
(12, 44, 9.414317882700002, 77)
(13, 1, 8.472886094430002, 77)
(13, 4, 8.472886094430002, 77)
(13, 5, 8.472886094430002, 77)
(13, 7, 8.472886094430002, 77)
(13, 8, 8.472886094430002, 77)
(13, 9, 8.472886094430002, 77)
(13, 10, 8.472886094430002, 77)
(13, 11, 8.472886094430002, 77)
(13, 12, 8.472886094430002, 77)
(13, 13, 8.472886094430002, 77)
(13, 15, 8.472886094430002, 77)
(13, 16, 8.472886094430002, 77)
(13, 17, 8.472886094430002, 77)
(13, 18, 8.472886094430002, 77)
(13, 19, 8.472886094430002, 77)
(13, 20, 8.472886094430002, 76)
(13, 21, 8.472886094430002, 76)
(13, 22, 8.472886094430002, 76)
(13, 23, 8.472886094430002, 76)
(13, 24, 8.472886094430002, 76)
(13, 25, 8.472886094430002, 76)
(13, 26, 8.472886094430002, 76)
(13, 27, 8.472886094430002, 76)
(13, 28, 8.472886094430002, 76)
(13, 29, 8.472886094430002, 76)
(13, 30, 8.472886094430002, 76)
(13, 31, 8.472886094430002, 76)
(13, 33, 8.472886094430002, 76)
(13, 34, 8.472886094430002, 76)
(13, 35, 8.472886094430002, 76)
(14, 1, 7.6255974849870025, 76)
(14, 2, 7.6255974849870025, 76)
(14, 3, 7.6255974849870025, 76)
(14, 5, 7.6255974849870025, 76)
(14, 6, 7.6255974849870025, 76)
(14, 7, 7.6255974849870025, 76)
(14, 8, 7.6255974849870025, 76)
(14, 10, 7.6255974849870025, 76)
(14, 11, 7.6255974849870025, 76)
(14, 13, 7.6255974849870025, 76)
(14, 14, 7.6255974849870025, 76)
(14, 17, 7.6255974849870025, 76)
(14, 19, 7.6255974849870025, 76)
(14, 20, 7.6255974849870025, 76)
(14, 21, 7.6255974849870025, 76)
(14, 22, 7.6255974849870025, 76)
(14, 23, 7.6255974849870025, 76)
(14, 25, 7.6255974849870025, 76)
(14, 27, 7.6255974849870025, 76)
(14, 28, 7.6255974849870025, 76)
(14, 29, 7.6255974849870025, 76)
(14, 30, 7.6255974849870025, 76)
(14, 31, 7.6255974849870025, 76)
(14, 32, 7.6255974849870025, 76)
(14, 34, 7.6255974849870025, 76)
(14, 35, 7.6255974849870025, 76)
(14, 36, 7.6255974849870025, 76)
(14, 37, 7.6255974849870025, 76)
(14, 38, 7.6255974849870025, 76)
(14, 39, 7.6255974849870025, 76)
(15, 2, 6.863037736488303, 76)
(15, 3, 6.863037736488303, 76)
(15, 4, 6.863037736488303, 76)
(15, 5, 6.863037736488303, 76)
(15, 6, 6.863037736488303, 76)
(15, 9, 6.863037736488303, 76)
(15, 10, 6.863037736488303, 76)
(15, 11, 6.863037736488303, 76)
(15, 12, 6.863037736488303, 76)
(15, 13, 6.863037736488303, 76)
(15, 16, 6.863037736488303, 76)
(15, 17, 6.863037736488303, 76)
(15, 18, 6.863037736488303, 76)
(15, 19, 6.863037736488303, 76)
(15, 22, 6.863037736488303, 94)
(15, 24, 6.863037736488303, 94)
(15, 25, 6.863037736488303, 94)
(15, 26, 6.863037736488303, 94)
(15, 27, 6.863037736488303, 94)
(15, 28, 6.863037736488303, 94)
(15, 29, 6.863037736488303, 94)
(15, 30, 6.863037736488303, 94)
(15, 31, 6.863037736488303, 94)
(15, 32, 6.863037736488303, 94)
(15, 33, 6.863037736488303, 94)
(15, 34, 6.863037736488303, 94)
(15, 35, 6.863037736488303, 94)
(15, 36, 6.863037736488303, 94)
(15, 37, 6.863037736488303, 94)
(15, 38, 6.863037736488303, 94)
(16, 1, 6.176733962839473, 94)
(16, 2, 6.176733962839473, 94)
(16, 3, 6.176733962839473, 94)
(16, 5, 6.176733962839473, 94)
(16, 8, 6.176733962839473, 94)
(16, 10, 6.176733962839473, 94)
(16, 11, 6.176733962839473, 94)
(16, 12, 6.176733962839473, 94)
(16, 14, 6.176733962839473, 94)
(16, 15, 6.176733962839473, 94)
(16, 16, 6.176733962839473, 94)
(16, 17, 6.176733962839473, 94)
(16, 18, 6.176733962839473, 94)
(16, 19, 6.176733962839473, 94)
(16, 20, 6.176733962839473, 94)
(16, 21, 6.176733962839473, 94)
(16, 22, 6.176733962839473, 94)
(16, 23, 6.176733962839473, 77)
(16, 25, 6.176733962839473, 77)
(16, 26, 6.176733962839473, 76)
(16, 28, 6.176733962839473, 76)
(16, 29, 6.176733962839473, 76)
(16, 31, 6.176733962839473, 76)
(16, 32, 6.176733962839473, 76)
(16, 37, 6.176733962839473, 76)
(16, 38, 6.176733962839473, 76)
(16, 41, 6.176733962839473, 77)
(16, 42, 6.176733962839473, 77)
(16, 43, 6.176733962839473, 77)
(16, 46, 6.176733962839473, 77)
(17, 2, 5.559060566555526, 77)
(17, 3, 5.559060566555526, 77)
(17, 4, 5.559060566555526, 77)
(17, 7, 5.559060566555526, 77)
(17, 8, 5.559060566555526, 77)
(17, 9, 5.559060566555526, 77)
(17, 10, 5.559060566555526, 77)
(17, 13, 5.559060566555526, 77)
(17, 14, 5.559060566555526, 77)
(17, 15, 5.559060566555526, 77)
(17, 16, 5.559060566555526, 77)
(17, 17, 5.559060566555526, 77)
(17, 18, 5.559060566555526, 77)
(17, 19, 5.559060566555526, 77)
(17, 20, 5.559060566555526, 77)
(17, 21, 5.559060566555526, 60)
(17, 28, 5.559060566555526, 60)
(17, 30, 5.559060566555526, 60)
(17, 34, 5.559060566555526, 60)
(17, 35, 5.559060566555526, 60)
(17, 36, 5.559060566555526, 60)
(17, 37, 5.559060566555526, 60)
(17, 38, 5.559060566555526, 60)
(17, 39, 5.559060566555526, 60)
(17, 40, 5.559060566555526, 60)
(17, 41, 5.559060566555526, 59)
(17, 42, 5.559060566555526, 59)
(17, 44, 5.559060566555526, 59)
(17, 48, 5.559060566555526, 59)
(17, 49, 5.559060566555526, 59)
(18, 1, 5.003154509899973, 59)
(18, 2, 5.003154509899973, 59)
(18, 3, 5.003154509899973, 59)
(18, 4, 5.003154509899973, 59)
(18, 5, 5.003154509899973, 59)
(18, 7, 5.003154509899973, 59)
(18, 8, 5.003154509899973, 59)
(18, 10, 5.003154509899973, 59)
(18, 11, 5.003154509899973, 59)
(18, 12, 5.003154509899973, 59)
(18, 13, 5.003154509899973, 59)
(18, 14, 5.003154509899973, 59)
(18, 15, 5.003154509899973, 59)
(18, 17, 5.003154509899973, 59)
(18, 18, 5.003154509899973, 59)
(18, 21, 5.003154509899973, 59)
(18, 23, 5.003154509899973, 59)
(18, 24, 5.003154509899973, 59)
(18, 25, 5.003154509899973, 59)
(18, 27, 5.003154509899973, 59)
(18, 28, 5.003154509899973, 59)
(18, 30, 5.003154509899973, 59)
(18, 31, 5.003154509899973, 59)
(18, 32, 5.003154509899973, 59)
(18, 34, 5.003154509899973, 59)
(18, 35, 5.003154509899973, 59)
(18, 36, 5.003154509899973, 59)
(18, 37, 5.003154509899973, 59)
(18, 38, 5.003154509899973, 59)
(18, 40, 5.003154509899973, 59)
(19, 1, 4.502839058909976, 59)
(19, 2, 4.502839058909976, 59)
(19, 5, 4.502839058909976, 59)
(19, 6, 4.502839058909976, 59)
(19, 7, 4.502839058909976, 59)
(19, 8, 4.502839058909976, 59)
(19, 9, 4.502839058909976, 59)
(19, 10, 4.502839058909976, 59)
(19, 11, 4.502839058909976, 59)
(19, 12, 4.502839058909976, 59)
(19, 14, 4.502839058909976, 59)
(19, 15, 4.502839058909976, 59)
(19, 16, 4.502839058909976, 59)
(19, 17, 4.502839058909976, 59)
(19, 18, 4.502839058909976, 59)
(19, 19, 4.502839058909976, 59)
(19, 22, 4.502839058909976, 59)
(19, 23, 4.502839058909976, 59)
(19, 25, 4.502839058909976, 59)
(19, 27, 4.502839058909976, 59)
(19, 28, 4.502839058909976, 59)
(19, 29, 4.502839058909976, 59)
(19, 30, 4.502839058909976, 59)
(19, 31, 4.502839058909976, 59)
(19, 32, 4.502839058909976, 59)
(19, 33, 4.502839058909976, 59)
(19, 34, 4.502839058909976, 59)
(19, 35, 4.502839058909976, 59)
(19, 36, 4.502839058909976, 59)
(19, 37, 4.502839058909976, 59)
(20, 1, 4.052555153018979, 59)
(20, 2, 4.052555153018979, 59)
(20, 6, 4.052555153018979, 59)
(20, 7, 4.052555153018979, 59)
(20, 8, 4.052555153018979, 59)
(20, 9, 4.052555153018979, 58)
(20, 10, 4.052555153018979, 58)
(20, 11, 4.052555153018979, 58)
(20, 12, 4.052555153018979, 58)
(20, 14, 4.052555153018979, 58)
(20, 15, 4.052555153018979, 58)
(20, 16, 4.052555153018979, 58)
(20, 18, 4.052555153018979, 58)
(20, 19, 4.052555153018979, 58)
(20, 20, 4.052555153018979, 58)
(20, 21, 4.052555153018979, 58)
(20, 22, 4.052555153018979, 58)
(20, 23, 4.052555153018979, 58)
(20, 24, 4.052555153018979, 58)
(20, 25, 4.052555153018979, 58)
(20, 26, 4.052555153018979, 59)
(20, 28, 4.052555153018979, 59)
(20, 29, 4.052555153018979, 59)
(20, 30, 4.052555153018979, 59)
(20, 31, 4.052555153018979, 59)
(20, 33, 4.052555153018979, 59)
(20, 35, 4.052555153018979, 59)
(20, 36, 4.052555153018979, 59)
(20, 37, 4.052555153018979, 59)
(20, 38, 4.052555153018979, 59)
(21, 2, 3.6472996377170808, 59)
(21, 3, 3.6472996377170808, 59)
(21, 4, 3.6472996377170808, 59)
(21, 5, 3.6472996377170808, 59)
(21, 6, 3.6472996377170808, 59)
(21, 7, 3.6472996377170808, 59)
(21, 8, 3.6472996377170808, 59)
(21, 9, 3.6472996377170808, 59)
(21, 10, 3.6472996377170808, 59)
(21, 12, 3.6472996377170808, 59)
(21, 13, 3.6472996377170808, 59)
(21, 14, 3.6472996377170808, 59)
(21, 15, 3.6472996377170808, 59)
(21, 19, 3.6472996377170808, 59)
(21, 20, 3.6472996377170808, 59)
(21, 21, 3.6472996377170808, 59)
(21, 22, 3.6472996377170808, 59)
(21, 23, 3.6472996377170808, 59)
(21, 24, 3.6472996377170808, 59)
(21, 25, 3.6472996377170808, 59)
(21, 26, 3.6472996377170808, 59)
(21, 27, 3.6472996377170808, 59)
(21, 28, 3.6472996377170808, 59)
(21, 29, 3.6472996377170808, 59)
(21, 30, 3.6472996377170808, 59)
(21, 31, 3.6472996377170808, 59)
(21, 34, 3.6472996377170808, 59)
(21, 35, 3.6472996377170808, 59)
(21, 36, 3.6472996377170808, 59)
(21, 37, 3.6472996377170808, 59)
(22, 2, 3.282569673945373, 59)
(22, 4, 3.282569673945373, 59)
(22, 5, 3.282569673945373, 59)
(22, 6, 3.282569673945373, 59)
(22, 7, 3.282569673945373, 59)
(22, 8, 3.282569673945373, 59)
(22, 10, 3.282569673945373, 59)
(22, 11, 3.282569673945373, 59)
(22, 13, 3.282569673945373, 59)
(22, 16, 3.282569673945373, 59)
(22, 17, 3.282569673945373, 59)
(22, 18, 3.282569673945373, 59)
(22, 20, 3.282569673945373, 59)
(22, 21, 3.282569673945373, 59)
(22, 22, 3.282569673945373, 59)
(22, 26, 3.282569673945373, 59)
(22, 28, 3.282569673945373, 59)
(22, 29, 3.282569673945373, 59)
(22, 30, 3.282569673945373, 59)
(22, 31, 3.282569673945373, 59)
(22, 32, 3.282569673945373, 59)
(22, 35, 3.282569673945373, 59)
(22, 37, 3.282569673945373, 59)
(22, 38, 3.282569673945373, 59)
(22, 39, 3.282569673945373, 59)
(22, 40, 3.282569673945373, 59)
(22, 41, 3.282569673945373, 59)
(22, 42, 3.282569673945373, 59)
(22, 43, 3.282569673945373, 59)
(22, 44, 3.282569673945373, 59)
(23, 1, 2.954312706550836, 59)
(23, 2, 2.954312706550836, 59)
(23, 3, 2.954312706550836, 59)
(23, 4, 2.954312706550836, 59)
(23, 5, 2.954312706550836, 59)
(23, 6, 2.954312706550836, 41)
(23, 7, 2.954312706550836, 41)
(23, 10, 2.954312706550836, 41)
(23, 12, 2.954312706550836, 37)
(23, 14, 2.954312706550836, 38)
(23, 15, 2.954312706550836, 38)
(23, 17, 2.954312706550836, 38)
(23, 19, 2.954312706550836, 38)
(23, 20, 2.954312706550836, 38)
(23, 21, 2.954312706550836, 38)
(23, 22, 2.954312706550836, 38)
(23, 25, 2.954312706550836, 38)
(23, 26, 2.954312706550836, 38)
(23, 28, 2.954312706550836, 38)
(23, 29, 2.954312706550836, 38)
(23, 30, 2.954312706550836, 38)
(23, 31, 2.954312706550836, 38)
(23, 32, 2.954312706550836, 38)
(23, 34, 2.954312706550836, 38)
(23, 35, 2.954312706550836, 38)
(23, 36, 2.954312706550836, 38)
(23, 37, 2.954312706550836, 38)
(23, 39, 2.954312706550836, 38)
(23, 41, 2.954312706550836, 38)
(23, 42, 2.954312706550836, 38)
(24, 1, 2.6588814358957524, 38)
(24, 2, 2.6588814358957524, 38)
(24, 3, 2.6588814358957524, 38)
(24, 4, 2.6588814358957524, 38)
(24, 5, 2.6588814358957524, 38)
(24, 6, 2.6588814358957524, 38)
(24, 7, 2.6588814358957524, 38)
(24, 8, 2.6588814358957524, 38)
(24, 9, 2.6588814358957524, 38)
(24, 10, 2.6588814358957524, 38)
(24, 12, 2.6588814358957524, 38)
(24, 13, 2.6588814358957524, 38)
(24, 14, 2.6588814358957524, 38)
(24, 15, 2.6588814358957524, 38)
(24, 16, 2.6588814358957524, 38)
(24, 17, 2.6588814358957524, 38)
(24, 18, 2.6588814358957524, 38)
(24, 19, 2.6588814358957524, 38)
(24, 20, 2.6588814358957524, 38)
(24, 24, 2.6588814358957524, 38)
(24, 25, 2.6588814358957524, 38)
(24, 26, 2.6588814358957524, 38)
(24, 28, 2.6588814358957524, 38)
(24, 29, 2.6588814358957524, 38)
(24, 30, 2.6588814358957524, 38)
(24, 31, 2.6588814358957524, 38)
(24, 32, 2.6588814358957524, 38)
(24, 33, 2.6588814358957524, 38)
(24, 34, 2.6588814358957524, 38)
(24, 35, 2.6588814358957524, 38)
(25, 2, 2.392993292306177, 38)
(25, 3, 2.392993292306177, 38)
(25, 4, 2.392993292306177, 38)
(25, 5, 2.392993292306177, 38)
(25, 6, 2.392993292306177, 38)
(25, 8, 2.392993292306177, 38)
(25, 9, 2.392993292306177, 38)
(25, 10, 2.392993292306177, 38)
(25, 11, 2.392993292306177, 38)
(25, 12, 2.392993292306177, 38)
(25, 13, 2.392993292306177, 38)
(25, 14, 2.392993292306177, 38)
(25, 16, 2.392993292306177, 38)
(25, 17, 2.392993292306177, 38)
(25, 18, 2.392993292306177, 38)
(25, 19, 2.392993292306177, 38)
(25, 20, 2.392993292306177, 38)
(25, 21, 2.392993292306177, 38)
(25, 22, 2.392993292306177, 38)
(25, 23, 2.392993292306177, 38)
(25, 24, 2.392993292306177, 38)
(25, 25, 2.392993292306177, 38)
(25, 27, 2.392993292306177, 38)
(25, 28, 2.392993292306177, 38)
(25, 29, 2.392993292306177, 38)
(25, 30, 2.392993292306177, 38)
(25, 32, 2.392993292306177, 38)
(25, 33, 2.392993292306177, 38)
(25, 34, 2.392993292306177, 38)
(25, 35, 2.392993292306177, 38)
(26, 2, 2.1536939630755594, 37)
(26, 3, 2.1536939630755594, 37)
(26, 4, 2.1536939630755594, 37)
(26, 5, 2.1536939630755594, 37)
(26, 7, 2.1536939630755594, 37)
(26, 8, 2.1536939630755594, 37)
(26, 9, 2.1536939630755594, 37)
(26, 12, 2.1536939630755594, 37)
(26, 13, 2.1536939630755594, 37)
(26, 14, 2.1536939630755594, 37)
(26, 15, 2.1536939630755594, 37)
(26, 16, 2.1536939630755594, 37)
(26, 17, 2.1536939630755594, 37)
(26, 19, 2.1536939630755594, 37)
(26, 20, 2.1536939630755594, 37)
(26, 21, 2.1536939630755594, 37)
(26, 22, 2.1536939630755594, 37)
(26, 23, 2.1536939630755594, 37)
(26, 24, 2.1536939630755594, 37)
(26, 25, 2.1536939630755594, 37)
(26, 26, 2.1536939630755594, 37)
(26, 27, 2.1536939630755594, 37)
(26, 28, 2.1536939630755594, 37)
(26, 29, 2.1536939630755594, 37)
(26, 31, 2.1536939630755594, 37)
(26, 32, 2.1536939630755594, 37)
(26, 33, 2.1536939630755594, 37)
(26, 34, 2.1536939630755594, 37)
(26, 35, 2.1536939630755594, 37)
(26, 36, 2.1536939630755594, 37)
(27, 2, 1.9383245667680036, 37)
(27, 4, 1.9383245667680036, 37)
(27, 6, 1.9383245667680036, 37)
(27, 7, 1.9383245667680036, 37)
(27, 8, 1.9383245667680036, 37)
(27, 11, 1.9383245667680036, 37)
(27, 12, 1.9383245667680036, 37)
(27, 13, 1.9383245667680036, 37)
(27, 14, 1.9383245667680036, 37)
(27, 15, 1.9383245667680036, 37)
(27, 16, 1.9383245667680036, 37)
(27, 17, 1.9383245667680036, 37)
(27, 19, 1.9383245667680036, 37)
(27, 20, 1.9383245667680036, 37)
(27, 21, 1.9383245667680036, 37)
(27, 23, 1.9383245667680036, 37)
(27, 24, 1.9383245667680036, 37)
(27, 27, 1.9383245667680036, 37)
(27, 28, 1.9383245667680036, 37)
(27, 29, 1.9383245667680036, 37)
(27, 30, 1.9383245667680036, 37)
(27, 31, 1.9383245667680036, 37)
(27, 32, 1.9383245667680036, 37)
(27, 33, 1.9383245667680036, 37)
(27, 34, 1.9383245667680036, 37)
(27, 35, 1.9383245667680036, 37)
(27, 36, 1.9383245667680036, 37)
(27, 38, 1.9383245667680036, 37)
(27, 40, 1.9383245667680036, 37)
(27, 41, 1.9383245667680036, 37)
(28, 1, 1.7444921100912032, 37)
(28, 2, 1.7444921100912032, 37)
(28, 4, 1.7444921100912032, 37)
(28, 6, 1.7444921100912032, 37)
(28, 7, 1.7444921100912032, 37)
(28, 8, 1.7444921100912032, 37)
(28, 9, 1.7444921100912032, 37)
(28, 10, 1.7444921100912032, 37)
(28, 11, 1.7444921100912032, 37)
(28, 12, 1.7444921100912032, 37)
(28, 14, 1.7444921100912032, 37)
(28, 15, 1.7444921100912032, 37)
(28, 16, 1.7444921100912032, 37)
(28, 18, 1.7444921100912032, 37)
(28, 19, 1.7444921100912032, 37)
(28, 20, 1.7444921100912032, 37)
(28, 22, 1.7444921100912032, 37)
(28, 23, 1.7444921100912032, 37)
(28, 24, 1.7444921100912032, 37)
(28, 26, 1.7444921100912032, 37)
(28, 27, 1.7444921100912032, 37)
(28, 29, 1.7444921100912032, 37)
(28, 30, 1.7444921100912032, 37)
(28, 32, 1.7444921100912032, 37)
(28, 33, 1.7444921100912032, 37)
(28, 35, 1.7444921100912032, 37)
(28, 37, 1.7444921100912032, 37)
(28, 38, 1.7444921100912032, 37)
(28, 39, 1.7444921100912032, 37)
(28, 40, 1.7444921100912032, 37)
(29, 1, 1.570042899082083, 37)
(29, 2, 1.570042899082083, 37)
(29, 4, 1.570042899082083, 37)
(29, 5, 1.570042899082083, 37)
(29, 7, 1.570042899082083, 37)
(29, 8, 1.570042899082083, 37)
(29, 9, 1.570042899082083, 37)
(29, 10, 1.570042899082083, 37)
(29, 11, 1.570042899082083, 37)
(29, 12, 1.570042899082083, 37)
(29, 15, 1.570042899082083, 37)
(29, 16, 1.570042899082083, 37)
(29, 17, 1.570042899082083, 37)
(29, 18, 1.570042899082083, 37)
(29, 19, 1.570042899082083, 37)
(29, 21, 1.570042899082083, 37)
(29, 22, 1.570042899082083, 37)
(29, 24, 1.570042899082083, 37)
(29, 25, 1.570042899082083, 37)
(29, 26, 1.570042899082083, 37)
(29, 27, 1.570042899082083, 37)
(29, 28, 1.570042899082083, 37)
(29, 29, 1.570042899082083, 37)
(29, 30, 1.570042899082083, 37)
(29, 31, 1.570042899082083, 37)
(29, 32, 1.570042899082083, 37)
(29, 33, 1.570042899082083, 37)
(29, 35, 1.570042899082083, 37)
(29, 36, 1.570042899082083, 38)
(29, 37, 1.570042899082083, 38)
(30, 1, 1.4130386091738747, 38)
(30, 3, 1.4130386091738747, 38)
(30, 4, 1.4130386091738747, 38)
(30, 5, 1.4130386091738747, 38)
(30, 6, 1.4130386091738747, 38)
(30, 7, 1.4130386091738747, 38)
(30, 8, 1.4130386091738747, 38)
(30, 9, 1.4130386091738747, 38)
(30, 10, 1.4130386091738747, 38)
(30, 11, 1.4130386091738747, 38)
(30, 12, 1.4130386091738747, 38)
(30, 13, 1.4130386091738747, 38)
(30, 14, 1.4130386091738747, 38)
(30, 15, 1.4130386091738747, 38)
(30, 16, 1.4130386091738747, 38)
(30, 17, 1.4130386091738747, 38)
(30, 18, 1.4130386091738747, 38)
(30, 19, 1.4130386091738747, 38)
(30, 20, 1.4130386091738747, 38)
(30, 21, 1.4130386091738747, 38)
(30, 22, 1.4130386091738747, 38)
(30, 23, 1.4130386091738747, 38)
(30, 24, 1.4130386091738747, 38)
(30, 25, 1.4130386091738747, 38)
(30, 26, 1.4130386091738747, 38)
(30, 27, 1.4130386091738747, 38)
(30, 28, 1.4130386091738747, 37)
(30, 30, 1.4130386091738747, 37)
(30, 31, 1.4130386091738747, 37)
(30, 32, 1.4130386091738747, 37)
(31, 1, 1.2717347482564874, 37)
(31, 2, 1.2717347482564874, 37)
(31, 4, 1.2717347482564874, 37)
(31, 5, 1.2717347482564874, 37)
(31, 6, 1.2717347482564874, 37)
(31, 7, 1.2717347482564874, 37)
(31, 8, 1.2717347482564874, 37)
(31, 9, 1.2717347482564874, 37)
(31, 10, 1.2717347482564874, 37)
(31, 12, 1.2717347482564874, 37)
(31, 13, 1.2717347482564874, 37)
(31, 15, 1.2717347482564874, 37)
(31, 17, 1.2717347482564874, 38)
(31, 18, 1.2717347482564874, 38)
(31, 19, 1.2717347482564874, 38)
(31, 20, 1.2717347482564874, 38)
(31, 21, 1.2717347482564874, 38)
(31, 22, 1.2717347482564874, 38)
(31, 23, 1.2717347482564874, 38)
(31, 24, 1.2717347482564874, 38)
(31, 25, 1.2717347482564874, 38)
(31, 26, 1.2717347482564874, 38)
(31, 27, 1.2717347482564874, 38)
(31, 29, 1.2717347482564874, 38)
(31, 30, 1.2717347482564874, 38)
(31, 31, 1.2717347482564874, 38)
(31, 33, 1.2717347482564874, 38)
(31, 34, 1.2717347482564874, 38)
(31, 35, 1.2717347482564874, 38)
(31, 36, 1.2717347482564874, 38)
(32, 1, 1.1445612734308386, 38)
(32, 2, 1.1445612734308386, 38)
(32, 4, 1.1445612734308386, 38)
(32, 5, 1.1445612734308386, 38)
(32, 6, 1.1445612734308386, 38)
(32, 7, 1.1445612734308386, 38)
(32, 9, 1.1445612734308386, 38)
(32, 10, 1.1445612734308386, 38)
(32, 11, 1.1445612734308386, 38)
(32, 12, 1.1445612734308386, 38)
(32, 15, 1.1445612734308386, 38)
(32, 17, 1.1445612734308386, 38)
(32, 18, 1.1445612734308386, 38)
(32, 19, 1.1445612734308386, 38)
(32, 20, 1.1445612734308386, 38)
(32, 21, 1.1445612734308386, 38)
(32, 22, 1.1445612734308386, 38)
(32, 24, 1.1445612734308386, 38)
(32, 25, 1.1445612734308386, 38)
(32, 26, 1.1445612734308386, 38)
(32, 27, 1.1445612734308386, 38)
(32, 28, 1.1445612734308386, 38)
(32, 30, 1.1445612734308386, 38)
(32, 31, 1.1445612734308386, 38)
(32, 32, 1.1445612734308386, 38)
(32, 36, 1.1445612734308386, 38)
(32, 38, 1.1445612734308386, 38)
(32, 39, 1.1445612734308386, 38)
(32, 40, 1.1445612734308386, 38)
(32, 41, 1.1445612734308386, 38)
(33, 2, 1.0301051460877548, 38)
(33, 3, 1.0301051460877548, 38)
(33, 4, 1.0301051460877548, 38)
(33, 5, 1.0301051460877548, 38)
(33, 6, 1.0301051460877548, 38)
(33, 8, 1.0301051460877548, 38)
(33, 10, 1.0301051460877548, 38)
(33, 11, 1.0301051460877548, 38)
(33, 12, 1.0301051460877548, 38)
(33, 13, 1.0301051460877548, 38)
(33, 14, 1.0301051460877548, 38)
(33, 15, 1.0301051460877548, 38)
(33, 16, 1.0301051460877548, 38)
(33, 17, 1.0301051460877548, 38)
(33, 19, 1.0301051460877548, 38)
(33, 20, 1.0301051460877548, 38)
(33, 21, 1.0301051460877548, 38)
(33, 22, 1.0301051460877548, 38)
(33, 23, 1.0301051460877548, 38)
(33, 24, 1.0301051460877548, 38)
(33, 25, 1.0301051460877548, 38)
(33, 27, 1.0301051460877548, 38)
(33, 28, 1.0301051460877548, 38)
(33, 29, 1.0301051460877548, 38)
(33, 30, 1.0301051460877548, 38)
(33, 31, 1.0301051460877548, 38)
(33, 32, 1.0301051460877548, 38)
(33, 33, 1.0301051460877548, 38)
(33, 34, 1.0301051460877548, 38)
(33, 35, 1.0301051460877548, 38)
(34, 1, 0.9270946314789794, 38)
(34, 2, 0.9270946314789794, 38)
(34, 3, 0.9270946314789794, 38)
(34, 4, 0.9270946314789794, 38)
(34, 5, 0.9270946314789794, 38)
(34, 6, 0.9270946314789794, 38)
(34, 7, 0.9270946314789794, 38)
(34, 8, 0.9270946314789794, 38)
(34, 9, 0.9270946314789794, 38)
(34, 10, 0.9270946314789794, 38)
(34, 11, 0.9270946314789794, 38)
(34, 12, 0.9270946314789794, 38)
(34, 13, 0.9270946314789794, 38)
(34, 15, 0.9270946314789794, 38)
(34, 16, 0.9270946314789794, 38)
(34, 18, 0.9270946314789794, 38)
(34, 19, 0.9270946314789794, 38)
(34, 22, 0.9270946314789794, 38)
(34, 23, 0.9270946314789794, 38)
(34, 25, 0.9270946314789794, 38)
(34, 26, 0.9270946314789794, 38)
(34, 27, 0.9270946314789794, 38)
(34, 29, 0.9270946314789794, 38)
(34, 30, 0.9270946314789794, 38)
(34, 33, 0.9270946314789794, 38)
(34, 34, 0.9270946314789794, 38)
(34, 36, 0.9270946314789794, 38)
(34, 38, 0.9270946314789794, 38)
(34, 39, 0.9270946314789794, 38)
(34, 43, 0.9270946314789794, 38)
(35, 2, 0.8343851683310815, 38)
(35, 3, 0.8343851683310815, 38)
(35, 5, 0.8343851683310815, 38)
(35, 7, 0.8343851683310815, 38)
(35, 8, 0.8343851683310815, 38)
(35, 9, 0.8343851683310815, 38)
(35, 11, 0.8343851683310815, 38)
(35, 12, 0.8343851683310815, 38)
(35, 13, 0.8343851683310815, 38)
(35, 14, 0.8343851683310815, 38)
(35, 15, 0.8343851683310815, 38)
(35, 16, 0.8343851683310815, 38)
(35, 17, 0.8343851683310815, 38)
(35, 18, 0.8343851683310815, 38)
(35, 19, 0.8343851683310815, 38)
(35, 20, 0.8343851683310815, 38)
(35, 21, 0.8343851683310815, 38)
(35, 22, 0.8343851683310815, 38)
(35, 24, 0.8343851683310815, 38)
(35, 25, 0.8343851683310815, 38)
(35, 26, 0.8343851683310815, 38)
(35, 28, 0.8343851683310815, 38)
(35, 30, 0.8343851683310815, 38)
(35, 31, 0.8343851683310815, 38)
(35, 33, 0.8343851683310815, 38)
(35, 34, 0.8343851683310815, 38)
(35, 35, 0.8343851683310815, 38)
(35, 36, 0.8343851683310815, 38)
(35, 37, 0.8343851683310815, 38)
(35, 39, 0.8343851683310815, 38)
(36, 1, 0.7509466514979733, 38)
(36, 2, 0.7509466514979733, 38)
(36, 3, 0.7509466514979733, 38)
(36, 4, 0.7509466514979733, 38)
(36, 5, 0.7509466514979733, 38)
(36, 6, 0.7509466514979733, 38)
(36, 7, 0.7509466514979733, 38)
(36, 8, 0.7509466514979733, 38)
(36, 9, 0.7509466514979733, 38)
(36, 11, 0.7509466514979733, 38)
(36, 12, 0.7509466514979733, 38)
(36, 13, 0.7509466514979733, 38)
(36, 14, 0.7509466514979733, 38)
(36, 15, 0.7509466514979733, 38)
(36, 16, 0.7509466514979733, 38)
(36, 17, 0.7509466514979733, 38)
(36, 20, 0.7509466514979733, 38)
(36, 21, 0.7509466514979733, 38)
(36, 22, 0.7509466514979733, 38)
(36, 23, 0.7509466514979733, 38)
(36, 24, 0.7509466514979733, 38)
(36, 25, 0.7509466514979733, 38)
(36, 26, 0.7509466514979733, 38)
(36, 27, 0.7509466514979733, 38)
(36, 28, 0.7509466514979733, 38)
(36, 29, 0.7509466514979733, 38)
(36, 31, 0.7509466514979733, 38)
(36, 32, 0.7509466514979733, 38)
(36, 33, 0.7509466514979733, 38)
(36, 34, 0.7509466514979733, 38)
(37, 1, 0.675851986348176, 38)
(37, 3, 0.675851986348176, 38)
(37, 4, 0.675851986348176, 38)
(37, 5, 0.675851986348176, 37)
(37, 6, 0.675851986348176, 37)
(37, 7, 0.675851986348176, 37)
(37, 8, 0.675851986348176, 37)
(37, 10, 0.675851986348176, 37)
(37, 11, 0.675851986348176, 37)
(37, 12, 0.675851986348176, 37)
(37, 13, 0.675851986348176, 37)
(37, 14, 0.675851986348176, 37)
(37, 15, 0.675851986348176, 37)
(37, 18, 0.675851986348176, 37)
(37, 19, 0.675851986348176, 37)
(37, 21, 0.675851986348176, 37)
(37, 22, 0.675851986348176, 37)
(37, 24, 0.675851986348176, 37)
(37, 25, 0.675851986348176, 37)
(37, 26, 0.675851986348176, 37)
(37, 28, 0.675851986348176, 37)
(37, 29, 0.675851986348176, 37)
(37, 30, 0.675851986348176, 37)
(37, 31, 0.675851986348176, 37)
(37, 32, 0.675851986348176, 37)
(37, 33, 0.675851986348176, 37)
(37, 37, 0.675851986348176, 37)
(37, 38, 0.675851986348176, 37)
(37, 39, 0.675851986348176, 37)
(37, 40, 0.675851986348176, 37)
(38, 1, 0.6082667877133584, 37)
(38, 2, 0.6082667877133584, 37)
(38, 3, 0.6082667877133584, 37)
(38, 4, 0.6082667877133584, 37)
(38, 5, 0.6082667877133584, 37)
(38, 6, 0.6082667877133584, 37)
(38, 8, 0.6082667877133584, 37)
(38, 9, 0.6082667877133584, 37)
(38, 10, 0.6082667877133584, 37)
(38, 11, 0.6082667877133584, 37)
(38, 12, 0.6082667877133584, 37)
(38, 13, 0.6082667877133584, 37)
(38, 14, 0.6082667877133584, 37)
(38, 15, 0.6082667877133584, 37)
(38, 16, 0.6082667877133584, 37)
(38, 17, 0.6082667877133584, 37)
(38, 18, 0.6082667877133584, 37)
(38, 19, 0.6082667877133584, 37)
(38, 20, 0.6082667877133584, 37)
(38, 22, 0.6082667877133584, 37)
(38, 23, 0.6082667877133584, 37)
(38, 24, 0.6082667877133584, 37)
(38, 25, 0.6082667877133584, 37)
(38, 26, 0.6082667877133584, 37)
(38, 28, 0.6082667877133584, 37)
(38, 29, 0.6082667877133584, 37)
(38, 30, 0.6082667877133584, 37)
(38, 31, 0.6082667877133584, 37)
(38, 32, 0.6082667877133584, 37)
(38, 35, 0.6082667877133584, 37)
(39, 4, 0.5474401089420226, 37)
(39, 6, 0.5474401089420226, 37)
(39, 7, 0.5474401089420226, 37)
(39, 8, 0.5474401089420226, 37)
(39, 9, 0.5474401089420226, 37)
(39, 10, 0.5474401089420226, 37)
(39, 11, 0.5474401089420226, 37)
(39, 12, 0.5474401089420226, 37)
(39, 13, 0.5474401089420226, 37)
(39, 15, 0.5474401089420226, 37)
(39, 17, 0.5474401089420226, 37)
(39, 18, 0.5474401089420226, 37)
(39, 19, 0.5474401089420226, 37)
(39, 20, 0.5474401089420226, 37)
(39, 21, 0.5474401089420226, 37)
(39, 22, 0.5474401089420226, 37)
(39, 23, 0.5474401089420226, 37)
(39, 24, 0.5474401089420226, 37)
(39, 26, 0.5474401089420226, 37)
(39, 27, 0.5474401089420226, 37)
(39, 28, 0.5474401089420226, 37)
(39, 29, 0.5474401089420226, 37)
(39, 30, 0.5474401089420226, 37)
(39, 31, 0.5474401089420226, 37)
(39, 33, 0.5474401089420226, 37)
(39, 34, 0.5474401089420226, 37)
(39, 35, 0.5474401089420226, 37)
(39, 36, 0.5474401089420226, 37)
(39, 37, 0.5474401089420226, 37)
(39, 38, 0.5474401089420226, 37)
(40, 1, 0.49269609804782033, 37)
(40, 2, 0.49269609804782033, 37)
(40, 3, 0.49269609804782033, 37)
(40, 9, 0.49269609804782033, 37)
(40, 10, 0.49269609804782033, 37)
(40, 11, 0.49269609804782033, 37)
(40, 12, 0.49269609804782033, 37)
(40, 13, 0.49269609804782033, 37)
(40, 14, 0.49269609804782033, 37)
(40, 15, 0.49269609804782033, 37)
(40, 16, 0.49269609804782033, 37)
(40, 17, 0.49269609804782033, 37)
(40, 18, 0.49269609804782033, 37)
(40, 20, 0.49269609804782033, 37)
(40, 21, 0.49269609804782033, 37)
(40, 22, 0.49269609804782033, 37)
(40, 23, 0.49269609804782033, 37)
(40, 25, 0.49269609804782033, 37)
(40, 26, 0.49269609804782033, 37)
(40, 27, 0.49269609804782033, 37)
(40, 28, 0.49269609804782033, 37)
(40, 29, 0.49269609804782033, 37)
(40, 30, 0.49269609804782033, 37)
(40, 31, 0.49269609804782033, 37)
(40, 32, 0.49269609804782033, 37)
(40, 33, 0.49269609804782033, 37)
(40, 34, 0.49269609804782033, 37)
(40, 36, 0.49269609804782033, 37)
(40, 37, 0.49269609804782033, 37)
(40, 39, 0.49269609804782033, 37)
(41, 1, 0.4434264882430383, 37)
(41, 2, 0.4434264882430383, 37)
(41, 3, 0.4434264882430383, 37)
(41, 5, 0.4434264882430383, 37)
(41, 6, 0.4434264882430383, 37)
(41, 7, 0.4434264882430383, 37)
(41, 8, 0.4434264882430383, 37)
(41, 9, 0.4434264882430383, 37)
(41, 10, 0.4434264882430383, 37)
(41, 12, 0.4434264882430383, 37)
(41, 13, 0.4434264882430383, 37)
(41, 14, 0.4434264882430383, 37)
(41, 16, 0.4434264882430383, 37)
(41, 17, 0.4434264882430383, 37)
(41, 19, 0.4434264882430383, 37)
(41, 22, 0.4434264882430383, 37)
(41, 23, 0.4434264882430383, 37)
(41, 24, 0.4434264882430383, 37)
(41, 25, 0.4434264882430383, 37)
(41, 26, 0.4434264882430383, 37)
(41, 31, 0.4434264882430383, 37)
(41, 33, 0.4434264882430383, 37)
(41, 34, 0.4434264882430383, 37)
(41, 35, 0.4434264882430383, 37)
(41, 37, 0.4434264882430383, 37)
(41, 38, 0.4434264882430383, 37)
(41, 39, 0.4434264882430383, 37)
(41, 40, 0.4434264882430383, 37)
(41, 41, 0.4434264882430383, 37)
(41, 42, 0.4434264882430383, 37)
(42, 1, 0.3990838394187345, 37)
(42, 2, 0.3990838394187345, 37)
(42, 4, 0.3990838394187345, 37)
(42, 5, 0.3990838394187345, 37)
(42, 6, 0.3990838394187345, 37)
(42, 8, 0.3990838394187345, 37)
(42, 9, 0.3990838394187345, 37)
(42, 10, 0.3990838394187345, 32)
(42, 11, 0.3990838394187345, 32)
(42, 13, 0.3990838394187345, 32)
(42, 14, 0.3990838394187345, 32)
(42, 15, 0.3990838394187345, 32)
(42, 16, 0.3990838394187345, 32)
(42, 18, 0.3990838394187345, 32)
(42, 19, 0.3990838394187345, 32)
(42, 20, 0.3990838394187345, 32)
(42, 21, 0.3990838394187345, 32)
(42, 23, 0.3990838394187345, 32)
(42, 24, 0.3990838394187345, 32)
(42, 25, 0.3990838394187345, 32)
(42, 27, 0.3990838394187345, 32)
(42, 28, 0.3990838394187345, 32)
(42, 29, 0.3990838394187345, 32)
(42, 30, 0.3990838394187345, 32)
(42, 32, 0.3990838394187345, 32)
(42, 33, 0.3990838394187345, 32)
(42, 35, 0.3990838394187345, 32)
(42, 36, 0.3990838394187345, 32)
(42, 37, 0.3990838394187345, 32)
(42, 38, 0.3990838394187345, 32)
(43, 1, 0.359175455476861, 32)
(43, 2, 0.359175455476861, 32)
(43, 3, 0.359175455476861, 32)
(43, 6, 0.359175455476861, 32)
(43, 7, 0.359175455476861, 32)
(43, 8, 0.359175455476861, 32)
(43, 9, 0.359175455476861, 32)
(43, 11, 0.359175455476861, 32)
(43, 12, 0.359175455476861, 32)
(43, 13, 0.359175455476861, 32)
(43, 14, 0.359175455476861, 32)
(43, 15, 0.359175455476861, 32)
(43, 16, 0.359175455476861, 32)
(43, 17, 0.359175455476861, 32)
(43, 18, 0.359175455476861, 32)
(43, 19, 0.359175455476861, 32)
(43, 21, 0.359175455476861, 32)
(43, 22, 0.359175455476861, 32)
(43, 23, 0.359175455476861, 32)
(43, 24, 0.359175455476861, 32)
(43, 25, 0.359175455476861, 32)
(43, 27, 0.359175455476861, 32)
(43, 28, 0.359175455476861, 32)
(43, 29, 0.359175455476861, 32)
(43, 30, 0.359175455476861, 32)
(43, 32, 0.359175455476861, 32)
(43, 33, 0.359175455476861, 32)
(43, 34, 0.359175455476861, 32)
(43, 35, 0.359175455476861, 32)
(43, 36, 0.359175455476861, 32)
(44, 1, 0.3232579099291749, 32)
(44, 2, 0.3232579099291749, 32)
(44, 5, 0.3232579099291749, 32)
(44, 7, 0.3232579099291749, 32)
(44, 8, 0.3232579099291749, 32)
(44, 9, 0.3232579099291749, 32)
(44, 10, 0.3232579099291749, 32)
(44, 11, 0.3232579099291749, 32)
(44, 12, 0.3232579099291749, 32)
(44, 13, 0.3232579099291749, 32)
(44, 14, 0.3232579099291749, 32)
(44, 15, 0.3232579099291749, 32)
(44, 16, 0.3232579099291749, 32)
(44, 17, 0.3232579099291749, 32)
(44, 18, 0.3232579099291749, 32)
(44, 20, 0.3232579099291749, 32)
(44, 21, 0.3232579099291749, 32)
(44, 23, 0.3232579099291749, 32)
(44, 24, 0.3232579099291749, 32)
(44, 26, 0.3232579099291749, 32)
(44, 27, 0.3232579099291749, 32)
(44, 28, 0.3232579099291749, 32)
(44, 29, 0.3232579099291749, 32)
(44, 31, 0.3232579099291749, 32)
(44, 32, 0.3232579099291749, 32)
(44, 33, 0.3232579099291749, 32)
(44, 36, 0.3232579099291749, 32)
(44, 37, 0.3232579099291749, 32)
(44, 39, 0.3232579099291749, 32)
(44, 40, 0.3232579099291749, 32)
(45, 1, 0.2909321189362574, 32)
(45, 2, 0.2909321189362574, 32)
(45, 3, 0.2909321189362574, 32)
(45, 4, 0.2909321189362574, 32)
(45, 5, 0.2909321189362574, 32)
(45, 6, 0.2909321189362574, 32)
(45, 7, 0.2909321189362574, 32)
(45, 10, 0.2909321189362574, 32)
(45, 11, 0.2909321189362574, 32)
(45, 12, 0.2909321189362574, 32)
(45, 13, 0.2909321189362574, 32)
(45, 14, 0.2909321189362574, 32)
(45, 15, 0.2909321189362574, 32)
(45, 16, 0.2909321189362574, 32)
(45, 17, 0.2909321189362574, 32)
(45, 18, 0.2909321189362574, 32)
(45, 20, 0.2909321189362574, 32)
(45, 21, 0.2909321189362574, 32)
(45, 22, 0.2909321189362574, 32)
(45, 23, 0.2909321189362574, 32)
(45, 24, 0.2909321189362574, 32)
(45, 25, 0.2909321189362574, 32)
(45, 26, 0.2909321189362574, 32)
(45, 27, 0.2909321189362574, 32)
(45, 28, 0.2909321189362574, 32)
(45, 31, 0.2909321189362574, 32)
(45, 33, 0.2909321189362574, 32)
(45, 34, 0.2909321189362574, 32)
(45, 35, 0.2909321189362574, 32)
(45, 36, 0.2909321189362574, 32)
(46, 1, 0.2618389070426317, 32)
(46, 2, 0.2618389070426317, 32)
(46, 4, 0.2618389070426317, 32)
(46, 6, 0.2618389070426317, 32)
(46, 7, 0.2618389070426317, 32)
(46, 9, 0.2618389070426317, 32)
(46, 11, 0.2618389070426317, 32)
(46, 12, 0.2618389070426317, 32)
(46, 14, 0.2618389070426317, 32)
(46, 15, 0.2618389070426317, 32)
(46, 16, 0.2618389070426317, 32)
(46, 17, 0.2618389070426317, 32)
(46, 18, 0.2618389070426317, 32)
(46, 19, 0.2618389070426317, 32)
(46, 21, 0.2618389070426317, 32)
(46, 22, 0.2618389070426317, 32)
(46, 23, 0.2618389070426317, 32)
(46, 27, 0.2618389070426317, 32)
(46, 30, 0.2618389070426317, 32)
(46, 32, 0.2618389070426317, 32)
(46, 33, 0.2618389070426317, 32)
(46, 34, 0.2618389070426317, 32)
(46, 35, 0.2618389070426317, 32)
(46, 37, 0.2618389070426317, 32)
(46, 39, 0.2618389070426317, 32)
(46, 40, 0.2618389070426317, 32)
(46, 42, 0.2618389070426317, 32)
(46, 43, 0.2618389070426317, 32)
(46, 46, 0.2618389070426317, 32)
(46, 47, 0.2618389070426317, 32)
(47, 1, 0.23565501633836852, 32)
(47, 3, 0.23565501633836852, 32)
(47, 4, 0.23565501633836852, 32)
(47, 5, 0.23565501633836852, 32)
(47, 6, 0.23565501633836852, 32)
(47, 8, 0.23565501633836852, 32)
(47, 9, 0.23565501633836852, 32)
(47, 12, 0.23565501633836852, 32)
(47, 13, 0.23565501633836852, 32)
(47, 14, 0.23565501633836852, 32)
(47, 15, 0.23565501633836852, 32)
(47, 16, 0.23565501633836852, 32)
(47, 18, 0.23565501633836852, 32)
(47, 19, 0.23565501633836852, 32)
(47, 20, 0.23565501633836852, 32)
(47, 21, 0.23565501633836852, 32)
(47, 22, 0.23565501633836852, 32)
(47, 23, 0.23565501633836852, 32)
(47, 24, 0.23565501633836852, 32)
(47, 25, 0.23565501633836852, 32)
(47, 26, 0.23565501633836852, 32)
(47, 27, 0.23565501633836852, 32)
(47, 28, 0.23565501633836852, 32)
(47, 29, 0.23565501633836852, 32)
(47, 31, 0.23565501633836852, 32)
(47, 32, 0.23565501633836852, 32)
(47, 33, 0.23565501633836852, 32)
(47, 34, 0.23565501633836852, 32)
(47, 36, 0.23565501633836852, 32)
(47, 37, 0.23565501633836852, 32)
(48, 1, 0.21208951470453166, 32)
(48, 2, 0.21208951470453166, 32)
(48, 3, 0.21208951470453166, 32)
(48, 4, 0.21208951470453166, 32)
(48, 5, 0.21208951470453166, 32)
(48, 7, 0.21208951470453166, 32)
(48, 8, 0.21208951470453166, 32)
(48, 9, 0.21208951470453166, 32)
(48, 11, 0.21208951470453166, 32)
(48, 12, 0.21208951470453166, 32)
(48, 13, 0.21208951470453166, 32)
(48, 14, 0.21208951470453166, 32)
(48, 15, 0.21208951470453166, 32)
(48, 16, 0.21208951470453166, 32)
(48, 17, 0.21208951470453166, 32)
(48, 18, 0.21208951470453166, 32)
(48, 19, 0.21208951470453166, 32)
(48, 20, 0.21208951470453166, 32)
(48, 21, 0.21208951470453166, 32)
(48, 22, 0.21208951470453166, 32)
(48, 23, 0.21208951470453166, 32)
(48, 25, 0.21208951470453166, 32)
(48, 26, 0.21208951470453166, 32)
(48, 27, 0.21208951470453166, 32)
(48, 29, 0.21208951470453166, 32)
(48, 30, 0.21208951470453166, 32)
(48, 31, 0.21208951470453166, 32)
(48, 32, 0.21208951470453166, 32)
(48, 33, 0.21208951470453166, 32)
(48, 36, 0.21208951470453166, 32)
(49, 1, 0.1908805632340785, 25)
(49, 2, 0.1908805632340785, 25)
(49, 4, 0.1908805632340785, 25)
(49, 5, 0.1908805632340785, 25)
(49, 6, 0.1908805632340785, 25)
(49, 7, 0.1908805632340785, 25)
(49, 8, 0.1908805632340785, 25)
(49, 10, 0.1908805632340785, 25)
(49, 11, 0.1908805632340785, 25)
(49, 13, 0.1908805632340785, 25)
(49, 18, 0.1908805632340785, 25)
(49, 19, 0.1908805632340785, 25)
(49, 20, 0.1908805632340785, 25)
(49, 21, 0.1908805632340785, 25)
(49, 22, 0.1908805632340785, 25)
(49, 23, 0.1908805632340785, 25)
(49, 24, 0.1908805632340785, 25)
(49, 25, 0.1908805632340785, 25)
(49, 26, 0.1908805632340785, 25)
(49, 28, 0.1908805632340785, 25)
(49, 31, 0.1908805632340785, 25)
(49, 32, 0.1908805632340785, 25)
(49, 33, 0.1908805632340785, 25)
(49, 35, 0.1908805632340785, 25)
(49, 36, 0.1908805632340785, 25)
(49, 37, 0.1908805632340785, 25)
(49, 38, 0.1908805632340785, 25)
(49, 39, 0.1908805632340785, 25)
(49, 40, 0.1908805632340785, 25)
(49, 41, 0.1908805632340785, 25)
(50, 1, 0.17179250691067066, 25)
(50, 2, 0.17179250691067066, 25)
(50, 5, 0.17179250691067066, 25)
(50, 6, 0.17179250691067066, 25)
(50, 7, 0.17179250691067066, 25)
(50, 8, 0.17179250691067066, 25)
(50, 9, 0.17179250691067066, 25)
(50, 10, 0.17179250691067066, 25)
(50, 12, 0.17179250691067066, 25)
(50, 13, 0.17179250691067066, 25)
(50, 14, 0.17179250691067066, 25)
(50, 15, 0.17179250691067066, 25)
(50, 16, 0.17179250691067066, 25)
(50, 18, 0.17179250691067066, 25)
(50, 20, 0.17179250691067066, 25)
(50, 21, 0.17179250691067066, 25)
(50, 22, 0.17179250691067066, 25)
(50, 23, 0.17179250691067066, 25)
(50, 25, 0.17179250691067066, 25)
(50, 26, 0.17179250691067066, 25)
(50, 28, 0.17179250691067066, 25)
(50, 29, 0.17179250691067066, 25)
(50, 30, 0.17179250691067066, 25)
(50, 31, 0.17179250691067066, 25)
(50, 32, 0.17179250691067066, 25)
(50, 33, 0.17179250691067066, 25)
(50, 34, 0.17179250691067066, 25)
(50, 36, 0.17179250691067066, 25)
(50, 37, 0.17179250691067066, 25)
(50, 39, 0.17179250691067066, 25)
(51, 1, 0.1546132562196036, 25)
(51, 2, 0.1546132562196036, 25)
(51, 3, 0.1546132562196036, 25)
(51, 4, 0.1546132562196036, 25)
(51, 5, 0.1546132562196036, 25)
(51, 6, 0.1546132562196036, 25)
(51, 7, 0.1546132562196036, 25)
(51, 8, 0.1546132562196036, 25)
(51, 9, 0.1546132562196036, 25)
(51, 10, 0.1546132562196036, 25)
(51, 11, 0.1546132562196036, 25)
(51, 13, 0.1546132562196036, 25)
(51, 14, 0.1546132562196036, 25)
(51, 15, 0.1546132562196036, 25)
(51, 16, 0.1546132562196036, 25)
(51, 18, 0.1546132562196036, 25)
(51, 19, 0.1546132562196036, 25)
(51, 20, 0.1546132562196036, 25)
(51, 21, 0.1546132562196036, 25)
(51, 23, 0.1546132562196036, 25)
(51, 24, 0.1546132562196036, 25)
(51, 25, 0.1546132562196036, 25)
(51, 26, 0.1546132562196036, 25)
(51, 27, 0.1546132562196036, 25)
(51, 28, 0.1546132562196036, 25)
(51, 29, 0.1546132562196036, 25)
(51, 32, 0.1546132562196036, 25)
(51, 34, 0.1546132562196036, 25)
(51, 35, 0.1546132562196036, 25)
(51, 36, 0.1546132562196036, 25)
(52, 1, 0.13915193059764325, 25)
(52, 4, 0.13915193059764325, 25)
(52, 5, 0.13915193059764325, 25)
(52, 6, 0.13915193059764325, 25)
(52, 7, 0.13915193059764325, 25)
(52, 8, 0.13915193059764325, 25)
(52, 9, 0.13915193059764325, 25)
(52, 11, 0.13915193059764325, 25)
(52, 12, 0.13915193059764325, 25)
(52, 13, 0.13915193059764325, 25)
(52, 14, 0.13915193059764325, 25)
(52, 15, 0.13915193059764325, 25)
(52, 17, 0.13915193059764325, 25)
(52, 18, 0.13915193059764325, 25)
(52, 19, 0.13915193059764325, 25)
(52, 20, 0.13915193059764325, 25)
(52, 21, 0.13915193059764325, 25)
(52, 22, 0.13915193059764325, 25)
(52, 23, 0.13915193059764325, 25)
(52, 24, 0.13915193059764325, 25)
(52, 25, 0.13915193059764325, 25)
(52, 26, 0.13915193059764325, 25)
(52, 27, 0.13915193059764325, 25)
(52, 28, 0.13915193059764325, 25)
(52, 30, 0.13915193059764325, 25)
(52, 31, 0.13915193059764325, 25)
(52, 32, 0.13915193059764325, 25)
(52, 33, 0.13915193059764325, 25)
(52, 35, 0.13915193059764325, 25)
(52, 36, 0.13915193059764325, 25)
(53, 1, 0.12523673753787892, 25)
(53, 2, 0.12523673753787892, 25)
(53, 3, 0.12523673753787892, 25)
(53, 5, 0.12523673753787892, 25)
(53, 7, 0.12523673753787892, 25)
(53, 9, 0.12523673753787892, 25)
(53, 10, 0.12523673753787892, 25)
(53, 11, 0.12523673753787892, 25)
(53, 12, 0.12523673753787892, 25)
(53, 13, 0.12523673753787892, 25)
(53, 14, 0.12523673753787892, 25)
(53, 16, 0.12523673753787892, 25)
(53, 17, 0.12523673753787892, 25)
(53, 18, 0.12523673753787892, 25)
(53, 19, 0.12523673753787892, 25)
(53, 20, 0.12523673753787892, 25)
(53, 21, 0.12523673753787892, 25)
(53, 22, 0.12523673753787892, 25)
(53, 23, 0.12523673753787892, 25)
(53, 24, 0.12523673753787892, 25)
(53, 25, 0.12523673753787892, 25)
(53, 27, 0.12523673753787892, 25)
(53, 28, 0.12523673753787892, 25)
(53, 29, 0.12523673753787892, 25)
(53, 30, 0.12523673753787892, 25)
(53, 31, 0.12523673753787892, 25)
(53, 32, 0.12523673753787892, 25)
(53, 33, 0.12523673753787892, 25)
(53, 34, 0.12523673753787892, 25)
(53, 35, 0.12523673753787892, 25)
(54, 1, 0.11271306378409103, 25)
(54, 2, 0.11271306378409103, 25)
(54, 3, 0.11271306378409103, 25)
(54, 4, 0.11271306378409103, 25)
(54, 6, 0.11271306378409103, 25)
(54, 8, 0.11271306378409103, 25)
(54, 9, 0.11271306378409103, 25)
(54, 10, 0.11271306378409103, 25)
(54, 13, 0.11271306378409103, 25)
(54, 17, 0.11271306378409103, 25)
(54, 18, 0.11271306378409103, 25)
(54, 19, 0.11271306378409103, 25)
(54, 20, 0.11271306378409103, 25)
(54, 21, 0.11271306378409103, 25)
(54, 22, 0.11271306378409103, 25)
(54, 24, 0.11271306378409103, 25)
(54, 25, 0.11271306378409103, 25)
(54, 26, 0.11271306378409103, 25)
(54, 27, 0.11271306378409103, 25)
(54, 28, 0.11271306378409103, 25)
(54, 29, 0.11271306378409103, 25)
(54, 30, 0.11271306378409103, 25)
(54, 32, 0.11271306378409103, 25)
(54, 35, 0.11271306378409103, 25)
(54, 36, 0.11271306378409103, 25)
(54, 37, 0.11271306378409103, 25)
(54, 38, 0.11271306378409103, 25)
(54, 39, 0.11271306378409103, 25)
(54, 40, 0.11271306378409103, 25)
(54, 42, 0.11271306378409103, 25)
(55, 3, 0.10144175740568193, 25)
(55, 4, 0.10144175740568193, 25)
(55, 5, 0.10144175740568193, 25)
(55, 6, 0.10144175740568193, 25)
(55, 7, 0.10144175740568193, 25)
(55, 10, 0.10144175740568193, 25)
(55, 11, 0.10144175740568193, 25)
(55, 12, 0.10144175740568193, 25)
(55, 13, 0.10144175740568193, 25)
(55, 14, 0.10144175740568193, 25)
(55, 15, 0.10144175740568193, 25)
(55, 16, 0.10144175740568193, 25)
(55, 17, 0.10144175740568193, 25)
(55, 18, 0.10144175740568193, 25)
(55, 20, 0.10144175740568193, 25)
(55, 21, 0.10144175740568193, 25)
(55, 22, 0.10144175740568193, 25)
(55, 23, 0.10144175740568193, 25)
(55, 24, 0.10144175740568193, 25)
(55, 27, 0.10144175740568193, 25)
(55, 28, 0.10144175740568193, 25)
(55, 29, 0.10144175740568193, 25)
(55, 31, 0.10144175740568193, 25)
(55, 33, 0.10144175740568193, 25)
(55, 34, 0.10144175740568193, 25)
(55, 35, 0.10144175740568193, 25)
(55, 36, 0.10144175740568193, 25)
(55, 37, 0.10144175740568193, 25)
(55, 38, 0.10144175740568193, 25)
(55, 39, 0.10144175740568193, 25)
(56, 1, 0.09129758166511373, 25)
(56, 2, 0.09129758166511373, 25)
(56, 3, 0.09129758166511373, 25)
(56, 4, 0.09129758166511373, 25)
(56, 7, 0.09129758166511373, 25)
(56, 9, 0.09129758166511373, 25)
(56, 10, 0.09129758166511373, 25)
(56, 12, 0.09129758166511373, 25)
(56, 13, 0.09129758166511373, 25)
(56, 15, 0.09129758166511373, 25)
(56, 19, 0.09129758166511373, 25)
(56, 22, 0.09129758166511373, 25)
(56, 23, 0.09129758166511373, 25)
(56, 24, 0.09129758166511373, 25)
(56, 25, 0.09129758166511373, 25)
(56, 26, 0.09129758166511373, 25)
(56, 27, 0.09129758166511373, 25)
(56, 28, 0.09129758166511373, 25)
(56, 29, 0.09129758166511373, 25)
(56, 30, 0.09129758166511373, 25)
(56, 31, 0.09129758166511373, 25)
(56, 34, 0.09129758166511373, 25)
(56, 36, 0.09129758166511373, 25)
(56, 37, 0.09129758166511373, 25)
(56, 40, 0.09129758166511373, 25)
(56, 42, 0.09129758166511373, 25)
(56, 43, 0.09129758166511373, 25)
(56, 45, 0.09129758166511373, 25)
(56, 46, 0.09129758166511373, 25)
(56, 47, 0.09129758166511373, 25)
(57, 1, 0.08216782349860235, 25)
(57, 3, 0.08216782349860235, 25)
(57, 4, 0.08216782349860235, 25)
(57, 5, 0.08216782349860235, 25)
(57, 7, 0.08216782349860235, 25)
(57, 9, 0.08216782349860235, 25)
(57, 10, 0.08216782349860235, 25)
(57, 12, 0.08216782349860235, 25)
(57, 13, 0.08216782349860235, 25)
(57, 14, 0.08216782349860235, 25)
(57, 15, 0.08216782349860235, 25)
(57, 16, 0.08216782349860235, 25)
(57, 18, 0.08216782349860235, 25)
(57, 19, 0.08216782349860235, 25)
(57, 20, 0.08216782349860235, 25)
(57, 21, 0.08216782349860235, 25)
(57, 22, 0.08216782349860235, 25)
(57, 23, 0.08216782349860235, 25)
(57, 24, 0.08216782349860235, 25)
(57, 25, 0.08216782349860235, 25)
(57, 26, 0.08216782349860235, 25)
(57, 27, 0.08216782349860235, 25)
(57, 28, 0.08216782349860235, 25)
(57, 29, 0.08216782349860235, 25)
(57, 31, 0.08216782349860235, 25)
(57, 32, 0.08216782349860235, 25)
(57, 33, 0.08216782349860235, 25)
(57, 34, 0.08216782349860235, 25)
(57, 35, 0.08216782349860235, 25)
(57, 36, 0.08216782349860235, 25)
(58, 1, 0.07395104114874212, 25)
(58, 2, 0.07395104114874212, 25)
(58, 4, 0.07395104114874212, 25)
(58, 5, 0.07395104114874212, 25)
(58, 7, 0.07395104114874212, 25)
(58, 8, 0.07395104114874212, 25)
(58, 9, 0.07395104114874212, 25)
(58, 11, 0.07395104114874212, 25)
(58, 12, 0.07395104114874212, 25)
(58, 13, 0.07395104114874212, 25)
(58, 15, 0.07395104114874212, 25)
(58, 17, 0.07395104114874212, 25)
(58, 18, 0.07395104114874212, 25)
(58, 20, 0.07395104114874212, 25)
(58, 23, 0.07395104114874212, 25)
(58, 24, 0.07395104114874212, 25)
(58, 25, 0.07395104114874212, 25)
(58, 26, 0.07395104114874212, 25)
(58, 27, 0.07395104114874212, 25)
(58, 28, 0.07395104114874212, 25)
(58, 30, 0.07395104114874212, 25)
(58, 31, 0.07395104114874212, 25)
(58, 32, 0.07395104114874212, 25)
(58, 33, 0.07395104114874212, 25)
(58, 34, 0.07395104114874212, 25)
(58, 35, 0.07395104114874212, 25)
(58, 37, 0.07395104114874212, 25)
(58, 38, 0.07395104114874212, 25)
(58, 40, 0.07395104114874212, 25)
(58, 41, 0.07395104114874212, 25)
(59, 1, 0.06655593703386792, 25)
(59, 2, 0.06655593703386792, 25)
(59, 4, 0.06655593703386792, 25)
(59, 5, 0.06655593703386792, 25)
(59, 7, 0.06655593703386792, 25)
(59, 8, 0.06655593703386792, 25)
(59, 9, 0.06655593703386792, 25)
(59, 10, 0.06655593703386792, 25)
(59, 11, 0.06655593703386792, 25)
(59, 12, 0.06655593703386792, 25)
(59, 14, 0.06655593703386792, 25)
(59, 15, 0.06655593703386792, 25)
(59, 18, 0.06655593703386792, 25)
(59, 19, 0.06655593703386792, 25)
(59, 20, 0.06655593703386792, 25)
(59, 21, 0.06655593703386792, 25)
(59, 22, 0.06655593703386792, 25)
(59, 24, 0.06655593703386792, 25)
(59, 26, 0.06655593703386792, 25)
(59, 27, 0.06655593703386792, 25)
(59, 28, 0.06655593703386792, 25)
(59, 29, 0.06655593703386792, 25)
(59, 30, 0.06655593703386792, 25)
(59, 31, 0.06655593703386792, 25)
(59, 33, 0.06655593703386792, 25)
(59, 34, 0.06655593703386792, 25)
(59, 35, 0.06655593703386792, 25)
(59, 36, 0.06655593703386792, 25)
(59, 37, 0.06655593703386792, 25)
(59, 38, 0.06655593703386792, 25)
(60, 1, 0.05990034333048113, 25)
(60, 2, 0.05990034333048113, 25)
(60, 3, 0.05990034333048113, 25)
(60, 4, 0.05990034333048113, 25)
(60, 5, 0.05990034333048113, 25)
(60, 6, 0.05990034333048113, 25)
(60, 7, 0.05990034333048113, 25)
(60, 8, 0.05990034333048113, 25)
(60, 9, 0.05990034333048113, 25)
(60, 10, 0.05990034333048113, 25)
(60, 11, 0.05990034333048113, 25)
(60, 12, 0.05990034333048113, 25)
(60, 14, 0.05990034333048113, 25)
(60, 15, 0.05990034333048113, 25)
(60, 16, 0.05990034333048113, 25)
(60, 17, 0.05990034333048113, 25)
(60, 18, 0.05990034333048113, 25)
(60, 19, 0.05990034333048113, 25)
(60, 21, 0.05990034333048113, 25)
(60, 23, 0.05990034333048113, 25)
(60, 24, 0.05990034333048113, 25)
(60, 25, 0.05990034333048113, 25)
(60, 26, 0.05990034333048113, 25)
(60, 27, 0.05990034333048113, 25)
(60, 28, 0.05990034333048113, 25)
(60, 29, 0.05990034333048113, 25)
(60, 30, 0.05990034333048113, 25)
(60, 31, 0.05990034333048113, 25)
(60, 33, 0.05990034333048113, 25)
(60, 35, 0.05990034333048113, 25)
(61, 5, 0.053910308997433015, 25)
(61, 6, 0.053910308997433015, 25)
(61, 7, 0.053910308997433015, 25)
(61, 8, 0.053910308997433015, 25)
(61, 9, 0.053910308997433015, 25)
(61, 11, 0.053910308997433015, 25)
(61, 12, 0.053910308997433015, 25)
(61, 13, 0.053910308997433015, 25)
(61, 14, 0.053910308997433015, 25)
(61, 15, 0.053910308997433015, 25)
(61, 16, 0.053910308997433015, 25)
(61, 18, 0.053910308997433015, 25)
(61, 19, 0.053910308997433015, 25)
(61, 22, 0.053910308997433015, 25)
(61, 24, 0.053910308997433015, 25)
(61, 25, 0.053910308997433015, 25)
(61, 26, 0.053910308997433015, 25)
(61, 27, 0.053910308997433015, 25)
(61, 29, 0.053910308997433015, 25)
(61, 31, 0.053910308997433015, 25)
(61, 32, 0.053910308997433015, 25)
(61, 33, 0.053910308997433015, 25)
(61, 34, 0.053910308997433015, 25)
(61, 35, 0.053910308997433015, 25)
(61, 37, 0.053910308997433015, 25)
(61, 38, 0.053910308997433015, 25)
(61, 39, 0.053910308997433015, 25)
(61, 41, 0.053910308997433015, 25)
(61, 42, 0.053910308997433015, 25)
(61, 43, 0.053910308997433015, 25)
(62, 1, 0.048519278097689716, 25)
(62, 2, 0.048519278097689716, 25)
(62, 4, 0.048519278097689716, 25)
(62, 5, 0.048519278097689716, 25)
(62, 7, 0.048519278097689716, 25)
(62, 8, 0.048519278097689716, 25)
(62, 10, 0.048519278097689716, 25)
(62, 11, 0.048519278097689716, 25)
(62, 14, 0.048519278097689716, 25)
(62, 17, 0.048519278097689716, 25)
(62, 18, 0.048519278097689716, 25)
(62, 20, 0.048519278097689716, 25)
(62, 21, 0.048519278097689716, 25)
(62, 22, 0.048519278097689716, 25)
(62, 25, 0.048519278097689716, 25)
(62, 26, 0.048519278097689716, 25)
(62, 28, 0.048519278097689716, 25)
(62, 29, 0.048519278097689716, 25)
(62, 31, 0.048519278097689716, 25)
(62, 32, 0.048519278097689716, 25)
(62, 33, 0.048519278097689716, 25)
(62, 34, 0.048519278097689716, 25)
(62, 35, 0.048519278097689716, 25)
(62, 36, 0.048519278097689716, 25)
(62, 39, 0.048519278097689716, 25)
(62, 40, 0.048519278097689716, 25)
(62, 41, 0.048519278097689716, 25)
(62, 45, 0.048519278097689716, 25)
(62, 47, 0.048519278097689716, 25)
(62, 48, 0.048519278097689716, 25)
(63, 1, 0.04366735028792074, 25)
(63, 2, 0.04366735028792074, 25)
(63, 3, 0.04366735028792074, 25)
(63, 5, 0.04366735028792074, 25)
(63, 6, 0.04366735028792074, 25)
(63, 7, 0.04366735028792074, 25)
(63, 10, 0.04366735028792074, 25)
(63, 11, 0.04366735028792074, 25)
(63, 12, 0.04366735028792074, 25)
(63, 13, 0.04366735028792074, 25)
(63, 14, 0.04366735028792074, 25)
(63, 15, 0.04366735028792074, 25)
(63, 17, 0.04366735028792074, 25)
(63, 18, 0.04366735028792074, 25)
(63, 19, 0.04366735028792074, 25)
(63, 20, 0.04366735028792074, 25)
(63, 21, 0.04366735028792074, 25)
(63, 24, 0.04366735028792074, 25)
(63, 25, 0.04366735028792074, 25)
(63, 27, 0.04366735028792074, 25)
(63, 28, 0.04366735028792074, 25)
(63, 30, 0.04366735028792074, 25)
(63, 31, 0.04366735028792074, 25)
(63, 32, 0.04366735028792074, 25)
(63, 33, 0.04366735028792074, 25)
(63, 34, 0.04366735028792074, 25)
(63, 36, 0.04366735028792074, 25)
(63, 37, 0.04366735028792074, 25)
(63, 38, 0.04366735028792074, 25)
(63, 39, 0.04366735028792074, 25)
(64, 1, 0.03930061525912867, 25)
(64, 2, 0.03930061525912867, 25)
(64, 3, 0.03930061525912867, 25)
(64, 4, 0.03930061525912867, 25)
(64, 6, 0.03930061525912867, 25)
(64, 9, 0.03930061525912867, 25)
(64, 11, 0.03930061525912867, 25)
(64, 12, 0.03930061525912867, 25)
(64, 13, 0.03930061525912867, 25)
(64, 15, 0.03930061525912867, 25)
(64, 18, 0.03930061525912867, 25)
(64, 20, 0.03930061525912867, 25)
(64, 21, 0.03930061525912867, 25)
(64, 22, 0.03930061525912867, 25)
(64, 23, 0.03930061525912867, 25)
(64, 24, 0.03930061525912867, 25)
(64, 25, 0.03930061525912867, 25)
(64, 26, 0.03930061525912867, 25)
(64, 27, 0.03930061525912867, 25)
(64, 29, 0.03930061525912867, 25)
(64, 30, 0.03930061525912867, 25)
(64, 31, 0.03930061525912867, 25)
(64, 32, 0.03930061525912867, 25)
(64, 33, 0.03930061525912867, 25)
(64, 34, 0.03930061525912867, 25)
(64, 35, 0.03930061525912867, 25)
(64, 36, 0.03930061525912867, 25)
(64, 37, 0.03930061525912867, 25)
(64, 40, 0.03930061525912867, 25)
(64, 42, 0.03930061525912867, 25)
(65, 1, 0.0353705537332158, 25)
(65, 2, 0.0353705537332158, 25)
(65, 3, 0.0353705537332158, 25)
(65, 4, 0.0353705537332158, 25)
(65, 5, 0.0353705537332158, 25)
(65, 6, 0.0353705537332158, 25)
(65, 7, 0.0353705537332158, 25)
(65, 8, 0.0353705537332158, 25)
(65, 9, 0.0353705537332158, 25)
(65, 10, 0.0353705537332158, 25)
(65, 11, 0.0353705537332158, 25)
(65, 12, 0.0353705537332158, 25)
(65, 13, 0.0353705537332158, 25)
(65, 14, 0.0353705537332158, 25)
(65, 15, 0.0353705537332158, 25)
(65, 16, 0.0353705537332158, 25)
(65, 17, 0.0353705537332158, 25)
(65, 18, 0.0353705537332158, 25)
(65, 19, 0.0353705537332158, 25)
(65, 20, 0.0353705537332158, 25)
(65, 21, 0.0353705537332158, 25)
(65, 22, 0.0353705537332158, 25)
(65, 25, 0.0353705537332158, 25)
(65, 26, 0.0353705537332158, 25)
(65, 27, 0.0353705537332158, 25)
(65, 28, 0.0353705537332158, 25)
(65, 29, 0.0353705537332158, 25)
(65, 30, 0.0353705537332158, 25)
(65, 32, 0.0353705537332158, 25)
(65, 33, 0.0353705537332158, 25)
(66, 1, 0.03183349835989422, 25)
(66, 2, 0.03183349835989422, 25)
(66, 3, 0.03183349835989422, 25)
(66, 4, 0.03183349835989422, 25)
(66, 5, 0.03183349835989422, 25)
(66, 6, 0.03183349835989422, 25)
(66, 7, 0.03183349835989422, 25)
(66, 8, 0.03183349835989422, 25)
(66, 11, 0.03183349835989422, 25)
(66, 12, 0.03183349835989422, 25)
(66, 14, 0.03183349835989422, 25)
(66, 15, 0.03183349835989422, 25)
(66, 16, 0.03183349835989422, 25)
(66, 19, 0.03183349835989422, 25)
(66, 20, 0.03183349835989422, 25)
(66, 22, 0.03183349835989422, 25)
(66, 23, 0.03183349835989422, 25)
(66, 24, 0.03183349835989422, 25)
(66, 26, 0.03183349835989422, 25)
(66, 27, 0.03183349835989422, 25)
(66, 28, 0.03183349835989422, 25)
(66, 29, 0.03183349835989422, 25)
(66, 31, 0.03183349835989422, 25)
(66, 32, 0.03183349835989422, 25)
(66, 33, 0.03183349835989422, 25)
(66, 34, 0.03183349835989422, 25)
(66, 35, 0.03183349835989422, 25)
(66, 36, 0.03183349835989422, 25)
(66, 38, 0.03183349835989422, 25)
(66, 39, 0.03183349835989422, 25)
(67, 1, 0.0286501485239048, 25)
(67, 2, 0.0286501485239048, 25)
(67, 3, 0.0286501485239048, 25)
(67, 4, 0.0286501485239048, 25)
(67, 5, 0.0286501485239048, 25)
(67, 6, 0.0286501485239048, 25)
(67, 8, 0.0286501485239048, 25)
(67, 9, 0.0286501485239048, 25)
(67, 10, 0.0286501485239048, 25)
(67, 11, 0.0286501485239048, 25)
(67, 12, 0.0286501485239048, 25)
(67, 13, 0.0286501485239048, 25)
(67, 14, 0.0286501485239048, 25)
(67, 15, 0.0286501485239048, 25)
(67, 16, 0.0286501485239048, 25)
(67, 17, 0.0286501485239048, 25)
(67, 18, 0.0286501485239048, 25)
(67, 19, 0.0286501485239048, 25)
(67, 20, 0.0286501485239048, 25)
(67, 22, 0.0286501485239048, 25)
(67, 23, 0.0286501485239048, 25)
(67, 24, 0.0286501485239048, 25)
(67, 25, 0.0286501485239048, 25)
(67, 26, 0.0286501485239048, 25)
(67, 27, 0.0286501485239048, 25)
(67, 28, 0.0286501485239048, 25)
(67, 29, 0.0286501485239048, 25)
(67, 30, 0.0286501485239048, 25)
(67, 31, 0.0286501485239048, 25)
(67, 32, 0.0286501485239048, 25)
(68, 1, 0.025785133671514318, 25)
(68, 2, 0.025785133671514318, 25)
(68, 4, 0.025785133671514318, 25)
(68, 5, 0.025785133671514318, 25)
(68, 8, 0.025785133671514318, 25)
(68, 10, 0.025785133671514318, 25)
(68, 11, 0.025785133671514318, 25)
(68, 12, 0.025785133671514318, 25)
(68, 13, 0.025785133671514318, 25)
(68, 14, 0.025785133671514318, 25)
(68, 15, 0.025785133671514318, 25)
(68, 16, 0.025785133671514318, 25)
(68, 17, 0.025785133671514318, 25)
(68, 18, 0.025785133671514318, 25)
(68, 20, 0.025785133671514318, 25)
(68, 21, 0.025785133671514318, 25)
(68, 22, 0.025785133671514318, 25)
(68, 23, 0.025785133671514318, 25)
(68, 24, 0.025785133671514318, 25)
(68, 25, 0.025785133671514318, 25)
(68, 26, 0.025785133671514318, 25)
(68, 27, 0.025785133671514318, 25)
(68, 28, 0.025785133671514318, 25)
(68, 29, 0.025785133671514318, 25)
(68, 32, 0.025785133671514318, 25)
(68, 34, 0.025785133671514318, 25)
(68, 35, 0.025785133671514318, 25)
(68, 36, 0.025785133671514318, 25)
(68, 37, 0.025785133671514318, 25)
(68, 38, 0.025785133671514318, 25)
(69, 2, 0.023206620304362886, 25)
(69, 4, 0.023206620304362886, 25)
(69, 5, 0.023206620304362886, 25)
(69, 7, 0.023206620304362886, 25)
(69, 8, 0.023206620304362886, 25)
(69, 9, 0.023206620304362886, 25)
(69, 10, 0.023206620304362886, 25)
(69, 11, 0.023206620304362886, 25)
(69, 12, 0.023206620304362886, 25)
(69, 14, 0.023206620304362886, 25)
(69, 15, 0.023206620304362886, 25)
(69, 16, 0.023206620304362886, 25)
(69, 17, 0.023206620304362886, 25)
(69, 18, 0.023206620304362886, 25)
(69, 20, 0.023206620304362886, 25)
(69, 23, 0.023206620304362886, 25)
(69, 24, 0.023206620304362886, 25)
(69, 25, 0.023206620304362886, 25)
(69, 27, 0.023206620304362886, 25)
(69, 28, 0.023206620304362886, 25)
(69, 29, 0.023206620304362886, 25)
(69, 30, 0.023206620304362886, 25)
(69, 31, 0.023206620304362886, 25)
(69, 32, 0.023206620304362886, 25)
(69, 33, 0.023206620304362886, 25)
(69, 34, 0.023206620304362886, 25)
(69, 35, 0.023206620304362886, 25)
(69, 36, 0.023206620304362886, 25)
(69, 37, 0.023206620304362886, 25)
(69, 38, 0.023206620304362886, 25)
(70, 3, 0.0208859582739266, 25)
(70, 6, 0.0208859582739266, 25)
(70, 7, 0.0208859582739266, 25)
(70, 9, 0.0208859582739266, 25)
(70, 10, 0.0208859582739266, 25)
(70, 11, 0.0208859582739266, 25)
(70, 15, 0.0208859582739266, 25)
(70, 16, 0.0208859582739266, 25)
(70, 17, 0.0208859582739266, 25)
(70, 18, 0.0208859582739266, 25)
(70, 19, 0.0208859582739266, 25)
(70, 20, 0.0208859582739266, 25)
(70, 21, 0.0208859582739266, 25)
(70, 26, 0.0208859582739266, 25)
(70, 27, 0.0208859582739266, 25)
(70, 28, 0.0208859582739266, 25)
(70, 29, 0.0208859582739266, 25)
(70, 30, 0.0208859582739266, 25)
(70, 31, 0.0208859582739266, 25)
(70, 32, 0.0208859582739266, 25)
(70, 33, 0.0208859582739266, 25)
(70, 34, 0.0208859582739266, 25)
(70, 35, 0.0208859582739266, 25)
(70, 37, 0.0208859582739266, 25)
(70, 38, 0.0208859582739266, 25)
(70, 39, 0.0208859582739266, 25)
(70, 40, 0.0208859582739266, 25)
(70, 41, 0.0208859582739266, 25)
(70, 43, 0.0208859582739266, 25)
(70, 44, 0.0208859582739266, 25)
(71, 1, 0.01879736244653394, 25)
(71, 3, 0.01879736244653394, 25)
(71, 5, 0.01879736244653394, 25)
(71, 7, 0.01879736244653394, 25)
(71, 8, 0.01879736244653394, 25)
(71, 9, 0.01879736244653394, 25)
(71, 10, 0.01879736244653394, 25)
(71, 11, 0.01879736244653394, 25)
(71, 12, 0.01879736244653394, 25)
(71, 13, 0.01879736244653394, 25)
(71, 16, 0.01879736244653394, 25)
(71, 17, 0.01879736244653394, 25)
(71, 18, 0.01879736244653394, 25)
(71, 19, 0.01879736244653394, 25)
(71, 21, 0.01879736244653394, 25)
(71, 22, 0.01879736244653394, 25)
(71, 23, 0.01879736244653394, 25)
(71, 24, 0.01879736244653394, 25)
(71, 28, 0.01879736244653394, 25)
(71, 29, 0.01879736244653394, 25)
(71, 30, 0.01879736244653394, 25)
(71, 32, 0.01879736244653394, 25)
(71, 34, 0.01879736244653394, 25)
(71, 35, 0.01879736244653394, 25)
(71, 36, 0.01879736244653394, 25)
(71, 40, 0.01879736244653394, 25)
(71, 41, 0.01879736244653394, 25)
(71, 42, 0.01879736244653394, 25)
(71, 43, 0.01879736244653394, 25)
(71, 45, 0.01879736244653394, 25)
(72, 2, 0.016917626201880545, 25)
(72, 3, 0.016917626201880545, 25)
(72, 4, 0.016917626201880545, 25)
(72, 5, 0.016917626201880545, 25)
(72, 6, 0.016917626201880545, 25)
(72, 8, 0.016917626201880545, 25)
(72, 9, 0.016917626201880545, 25)
(72, 10, 0.016917626201880545, 25)
(72, 11, 0.016917626201880545, 25)
(72, 12, 0.016917626201880545, 25)
(72, 13, 0.016917626201880545, 25)
(72, 14, 0.016917626201880545, 25)
(72, 15, 0.016917626201880545, 25)
(72, 17, 0.016917626201880545, 25)
(72, 19, 0.016917626201880545, 25)
(72, 20, 0.016917626201880545, 25)
(72, 21, 0.016917626201880545, 25)
(72, 22, 0.016917626201880545, 25)
(72, 23, 0.016917626201880545, 25)
(72, 25, 0.016917626201880545, 25)
(72, 26, 0.016917626201880545, 25)
(72, 27, 0.016917626201880545, 25)
(72, 28, 0.016917626201880545, 25)
(72, 29, 0.016917626201880545, 25)
(72, 31, 0.016917626201880545, 25)
(72, 32, 0.016917626201880545, 25)
(72, 33, 0.016917626201880545, 25)
(72, 34, 0.016917626201880545, 25)
(72, 35, 0.016917626201880545, 25)
(72, 36, 0.016917626201880545, 25)
(73, 1, 0.01522586358169249, 25)
(73, 2, 0.01522586358169249, 25)
(73, 4, 0.01522586358169249, 25)
(73, 5, 0.01522586358169249, 25)
(73, 6, 0.01522586358169249, 25)
(73, 7, 0.01522586358169249, 25)
(73, 8, 0.01522586358169249, 25)
(73, 10, 0.01522586358169249, 25)
(73, 11, 0.01522586358169249, 25)
(73, 12, 0.01522586358169249, 25)
(73, 13, 0.01522586358169249, 25)
(73, 15, 0.01522586358169249, 25)
(73, 16, 0.01522586358169249, 25)
(73, 17, 0.01522586358169249, 25)
(73, 18, 0.01522586358169249, 25)
(73, 19, 0.01522586358169249, 25)
(73, 20, 0.01522586358169249, 25)
(73, 21, 0.01522586358169249, 25)
(73, 24, 0.01522586358169249, 25)
(73, 25, 0.01522586358169249, 25)
(73, 26, 0.01522586358169249, 25)
(73, 27, 0.01522586358169249, 25)
(73, 28, 0.01522586358169249, 25)
(73, 29, 0.01522586358169249, 25)
(73, 30, 0.01522586358169249, 25)
(73, 31, 0.01522586358169249, 25)
(73, 33, 0.01522586358169249, 25)
(73, 34, 0.01522586358169249, 25)
(73, 35, 0.01522586358169249, 25)
(73, 36, 0.01522586358169249, 25)
(74, 1, 0.013703277223523241, 25)
(74, 2, 0.013703277223523241, 25)
(74, 3, 0.013703277223523241, 25)
(74, 4, 0.013703277223523241, 25)
(74, 5, 0.013703277223523241, 25)
(74, 6, 0.013703277223523241, 25)
(74, 7, 0.013703277223523241, 25)
(74, 8, 0.013703277223523241, 25)
(74, 9, 0.013703277223523241, 25)
(74, 11, 0.013703277223523241, 25)
(74, 12, 0.013703277223523241, 25)
(74, 13, 0.013703277223523241, 25)
(74, 14, 0.013703277223523241, 25)
(74, 15, 0.013703277223523241, 25)
(74, 16, 0.013703277223523241, 25)
(74, 17, 0.013703277223523241, 25)
(74, 18, 0.013703277223523241, 25)
(74, 20, 0.013703277223523241, 25)
(74, 21, 0.013703277223523241, 25)
(74, 22, 0.013703277223523241, 25)
(74, 23, 0.013703277223523241, 25)
(74, 24, 0.013703277223523241, 25)
(74, 25, 0.013703277223523241, 25)
(74, 26, 0.013703277223523241, 25)
(74, 27, 0.013703277223523241, 25)
(74, 28, 0.013703277223523241, 25)
(74, 29, 0.013703277223523241, 25)
(74, 30, 0.013703277223523241, 25)
(74, 31, 0.013703277223523241, 25)
(74, 32, 0.013703277223523241, 25)
(75, 1, 0.012332949501170918, 25)
(75, 3, 0.012332949501170918, 25)
(75, 4, 0.012332949501170918, 25)
(75, 5, 0.012332949501170918, 25)
(75, 7, 0.012332949501170918, 25)
(75, 8, 0.012332949501170918, 25)
(75, 9, 0.012332949501170918, 25)
(75, 10, 0.012332949501170918, 25)
(75, 11, 0.012332949501170918, 25)
(75, 12, 0.012332949501170918, 25)
(75, 14, 0.012332949501170918, 25)
(75, 16, 0.012332949501170918, 25)
(75, 17, 0.012332949501170918, 25)
(75, 18, 0.012332949501170918, 25)
(75, 19, 0.012332949501170918, 25)
(75, 20, 0.012332949501170918, 25)
(75, 21, 0.012332949501170918, 25)
(75, 23, 0.012332949501170918, 25)
(75, 24, 0.012332949501170918, 25)
(75, 25, 0.012332949501170918, 25)
(75, 27, 0.012332949501170918, 25)
(75, 28, 0.012332949501170918, 25)
(75, 29, 0.012332949501170918, 25)
(75, 30, 0.012332949501170918, 25)
(75, 34, 0.012332949501170918, 25)
(75, 35, 0.012332949501170918, 25)
(75, 36, 0.012332949501170918, 25)
(75, 37, 0.012332949501170918, 25)
(75, 39, 0.012332949501170918, 25)
(75, 40, 0.012332949501170918, 25)
(76, 1, 0.011099654551053826, 25)
(76, 2, 0.011099654551053826, 25)
(76, 4, 0.011099654551053826, 25)
(76, 6, 0.011099654551053826, 25)
(76, 7, 0.011099654551053826, 25)
(76, 8, 0.011099654551053826, 25)
(76, 9, 0.011099654551053826, 25)
(76, 10, 0.011099654551053826, 25)
(76, 11, 0.011099654551053826, 25)
(76, 12, 0.011099654551053826, 25)
(76, 13, 0.011099654551053826, 25)
(76, 14, 0.011099654551053826, 25)
(76, 15, 0.011099654551053826, 25)
(76, 16, 0.011099654551053826, 25)
(76, 17, 0.011099654551053826, 25)
(76, 18, 0.011099654551053826, 25)
(76, 19, 0.011099654551053826, 25)
(76, 20, 0.011099654551053826, 25)
(76, 21, 0.011099654551053826, 25)
(76, 22, 0.011099654551053826, 25)
(76, 23, 0.011099654551053826, 25)
(76, 24, 0.011099654551053826, 25)
(76, 25, 0.011099654551053826, 25)
(76, 26, 0.011099654551053826, 25)
(76, 27, 0.011099654551053826, 25)
(76, 28, 0.011099654551053826, 25)
(76, 29, 0.011099654551053826, 25)
(76, 30, 0.011099654551053826, 25)
(76, 31, 0.011099654551053826, 25)
(76, 32, 0.011099654551053826, 25)
(77, 1, 0.009989689095948443, 25)
(77, 2, 0.009989689095948443, 25)
(77, 3, 0.009989689095948443, 25)
(77, 4, 0.009989689095948443, 25)
(77, 6, 0.009989689095948443, 25)
(77, 7, 0.009989689095948443, 25)
(77, 8, 0.009989689095948443, 25)
(77, 9, 0.009989689095948443, 25)
(77, 11, 0.009989689095948443, 25)
(77, 13, 0.009989689095948443, 25)
(77, 15, 0.009989689095948443, 25)
(77, 16, 0.009989689095948443, 25)
(77, 18, 0.009989689095948443, 25)
(77, 19, 0.009989689095948443, 25)
(77, 21, 0.009989689095948443, 25)
(77, 22, 0.009989689095948443, 25)
(77, 24, 0.009989689095948443, 25)
(77, 25, 0.009989689095948443, 25)
(77, 26, 0.009989689095948443, 25)
(77, 27, 0.009989689095948443, 25)
(77, 28, 0.009989689095948443, 25)
(77, 29, 0.009989689095948443, 25)
(77, 30, 0.009989689095948443, 25)
(77, 31, 0.009989689095948443, 25)
(77, 32, 0.009989689095948443, 25)
(77, 33, 0.009989689095948443, 25)
(77, 34, 0.009989689095948443, 25)
(77, 36, 0.009989689095948443, 25)
(77, 37, 0.009989689095948443, 25)
(77, 38, 0.009989689095948443, 25)
(78, 1, 0.0089907201863536, 25)
(78, 2, 0.0089907201863536, 25)
(78, 3, 0.0089907201863536, 25)
(78, 7, 0.0089907201863536, 25)
(78, 8, 0.0089907201863536, 25)
(78, 9, 0.0089907201863536, 25)
(78, 10, 0.0089907201863536, 25)
(78, 13, 0.0089907201863536, 25)
(78, 14, 0.0089907201863536, 25)
(78, 15, 0.0089907201863536, 25)
(78, 16, 0.0089907201863536, 25)
(78, 18, 0.0089907201863536, 25)
(78, 19, 0.0089907201863536, 25)
(78, 20, 0.0089907201863536, 25)
(78, 21, 0.0089907201863536, 25)
(78, 23, 0.0089907201863536, 25)
(78, 25, 0.0089907201863536, 25)
(78, 26, 0.0089907201863536, 25)
(78, 27, 0.0089907201863536, 25)
(78, 28, 0.0089907201863536, 25)
(78, 30, 0.0089907201863536, 25)
(78, 32, 0.0089907201863536, 25)
(78, 33, 0.0089907201863536, 25)
(78, 34, 0.0089907201863536, 25)
(78, 35, 0.0089907201863536, 25)
(78, 36, 0.0089907201863536, 25)
(78, 37, 0.0089907201863536, 25)
(78, 38, 0.0089907201863536, 25)
(78, 39, 0.0089907201863536, 25)
(78, 40, 0.0089907201863536, 25)
(79, 1, 0.00809164816771824, 25)
(79, 2, 0.00809164816771824, 25)
(79, 3, 0.00809164816771824, 25)
(79, 4, 0.00809164816771824, 25)
(79, 5, 0.00809164816771824, 25)
(79, 8, 0.00809164816771824, 25)
(79, 9, 0.00809164816771824, 25)
(79, 10, 0.00809164816771824, 25)
(79, 11, 0.00809164816771824, 25)
(79, 12, 0.00809164816771824, 25)
(79, 13, 0.00809164816771824, 25)
(79, 14, 0.00809164816771824, 25)
(79, 16, 0.00809164816771824, 25)
(79, 18, 0.00809164816771824, 25)
(79, 20, 0.00809164816771824, 25)
(79, 21, 0.00809164816771824, 25)
(79, 22, 0.00809164816771824, 25)
(79, 23, 0.00809164816771824, 25)
(79, 24, 0.00809164816771824, 25)
(79, 25, 0.00809164816771824, 25)
(79, 26, 0.00809164816771824, 25)
(79, 27, 0.00809164816771824, 25)
(79, 28, 0.00809164816771824, 25)
(79, 29, 0.00809164816771824, 25)
(79, 31, 0.00809164816771824, 25)
(79, 32, 0.00809164816771824, 25)
(79, 33, 0.00809164816771824, 25)
(79, 34, 0.00809164816771824, 25)
(79, 37, 0.00809164816771824, 25)
(79, 38, 0.00809164816771824, 25)
(80, 1, 0.007282483350946416, 25)
(80, 2, 0.007282483350946416, 25)
(80, 3, 0.007282483350946416, 25)
(80, 4, 0.007282483350946416, 25)
(80, 6, 0.007282483350946416, 25)
(80, 7, 0.007282483350946416, 25)
(80, 8, 0.007282483350946416, 25)
(80, 9, 0.007282483350946416, 25)
(80, 10, 0.007282483350946416, 25)
(80, 12, 0.007282483350946416, 25)
(80, 13, 0.007282483350946416, 25)
(80, 16, 0.007282483350946416, 25)
(80, 17, 0.007282483350946416, 25)
(80, 19, 0.007282483350946416, 25)
(80, 21, 0.007282483350946416, 25)
(80, 23, 0.007282483350946416, 25)
(80, 24, 0.007282483350946416, 25)
(80, 25, 0.007282483350946416, 25)
(80, 26, 0.007282483350946416, 25)
(80, 28, 0.007282483350946416, 25)
(80, 29, 0.007282483350946416, 25)
(80, 30, 0.007282483350946416, 25)
(80, 31, 0.007282483350946416, 25)
(80, 32, 0.007282483350946416, 25)
(80, 33, 0.007282483350946416, 25)
(80, 34, 0.007282483350946416, 25)
(80, 38, 0.007282483350946416, 25)
(80, 39, 0.007282483350946416, 25)
(80, 40, 0.007282483350946416, 25)
(80, 41, 0.007282483350946416, 25)
(81, 1, 0.006554235015851775, 25)
(81, 2, 0.006554235015851775, 25)
(81, 3, 0.006554235015851775, 25)
(81, 4, 0.006554235015851775, 25)
(81, 5, 0.006554235015851775, 25)
(81, 6, 0.006554235015851775, 25)
(81, 7, 0.006554235015851775, 25)
(81, 8, 0.006554235015851775, 25)
(81, 11, 0.006554235015851775, 25)
(81, 14, 0.006554235015851775, 25)
(81, 15, 0.006554235015851775, 25)
(81, 17, 0.006554235015851775, 25)
(81, 18, 0.006554235015851775, 25)
(81, 19, 0.006554235015851775, 25)
(81, 21, 0.006554235015851775, 25)
(81, 22, 0.006554235015851775, 25)
(81, 23, 0.006554235015851775, 25)
(81, 24, 0.006554235015851775, 25)
(81, 25, 0.006554235015851775, 25)
(81, 26, 0.006554235015851775, 25)
(81, 27, 0.006554235015851775, 25)
(81, 28, 0.006554235015851775, 25)
(81, 29, 0.006554235015851775, 25)
(81, 32, 0.006554235015851775, 25)
(81, 33, 0.006554235015851775, 25)
(81, 35, 0.006554235015851775, 25)
(81, 37, 0.006554235015851775, 25)
(81, 38, 0.006554235015851775, 25)
(81, 39, 0.006554235015851775, 25)
(81, 40, 0.006554235015851775, 25)
(82, 1, 0.0058988115142665975, 25)
(82, 2, 0.0058988115142665975, 25)
(82, 3, 0.0058988115142665975, 25)
(82, 4, 0.0058988115142665975, 25)
(82, 5, 0.0058988115142665975, 25)
(82, 6, 0.0058988115142665975, 25)
(82, 7, 0.0058988115142665975, 25)
(82, 9, 0.0058988115142665975, 25)
(82, 10, 0.0058988115142665975, 25)
(82, 12, 0.0058988115142665975, 25)
(82, 13, 0.0058988115142665975, 25)
(82, 14, 0.0058988115142665975, 25)
(82, 15, 0.0058988115142665975, 25)
(82, 17, 0.0058988115142665975, 25)
(82, 19, 0.0058988115142665975, 25)
(82, 20, 0.0058988115142665975, 25)
(82, 21, 0.0058988115142665975, 25)
(82, 22, 0.0058988115142665975, 25)
(82, 23, 0.0058988115142665975, 25)
(82, 24, 0.0058988115142665975, 25)
(82, 25, 0.0058988115142665975, 25)
(82, 26, 0.0058988115142665975, 25)
(82, 27, 0.0058988115142665975, 25)
(82, 28, 0.0058988115142665975, 25)
(82, 29, 0.0058988115142665975, 25)
(82, 30, 0.0058988115142665975, 25)
(82, 31, 0.0058988115142665975, 25)
(82, 33, 0.0058988115142665975, 25)
(82, 34, 0.0058988115142665975, 25)
(82, 35, 0.0058988115142665975, 25)
(83, 1, 0.005308930362839938, 25)
(83, 2, 0.005308930362839938, 25)
(83, 3, 0.005308930362839938, 25)
(83, 5, 0.005308930362839938, 25)
(83, 6, 0.005308930362839938, 25)
(83, 7, 0.005308930362839938, 25)
(83, 9, 0.005308930362839938, 25)
(83, 10, 0.005308930362839938, 25)
(83, 11, 0.005308930362839938, 25)
(83, 12, 0.005308930362839938, 25)
(83, 13, 0.005308930362839938, 25)
(83, 14, 0.005308930362839938, 25)
(83, 15, 0.005308930362839938, 25)
(83, 19, 0.005308930362839938, 25)
(83, 21, 0.005308930362839938, 25)
(83, 22, 0.005308930362839938, 25)
(83, 23, 0.005308930362839938, 25)
(83, 24, 0.005308930362839938, 25)
(83, 25, 0.005308930362839938, 25)
(83, 26, 0.005308930362839938, 25)
(83, 28, 0.005308930362839938, 25)
(83, 29, 0.005308930362839938, 25)
(83, 34, 0.005308930362839938, 25)
(83, 36, 0.005308930362839938, 25)
(83, 37, 0.005308930362839938, 25)
(83, 39, 0.005308930362839938, 25)
(83, 40, 0.005308930362839938, 25)
(83, 41, 0.005308930362839938, 25)
(83, 42, 0.005308930362839938, 25)
(83, 44, 0.005308930362839938, 25)
(84, 2, 0.004778037326555944, 21)
(84, 3, 0.004778037326555944, 21)
(84, 4, 0.004778037326555944, 21)
(84, 5, 0.004778037326555944, 21)
(84, 6, 0.004778037326555944, 21)
(84, 8, 0.004778037326555944, 21)
(84, 9, 0.004778037326555944, 21)
(84, 10, 0.004778037326555944, 21)
(84, 12, 0.004778037326555944, 21)
(84, 13, 0.004778037326555944, 21)
(84, 14, 0.004778037326555944, 21)
(84, 16, 0.004778037326555944, 21)
(84, 17, 0.004778037326555944, 21)
(84, 18, 0.004778037326555944, 21)
(84, 20, 0.004778037326555944, 21)
(84, 22, 0.004778037326555944, 21)
(84, 24, 0.004778037326555944, 21)
(84, 25, 0.004778037326555944, 21)
(84, 27, 0.004778037326555944, 21)
(84, 28, 0.004778037326555944, 21)
(84, 29, 0.004778037326555944, 21)
(84, 30, 0.004778037326555944, 21)
(84, 31, 0.004778037326555944, 21)
(84, 32, 0.004778037326555944, 21)
(84, 33, 0.004778037326555944, 21)
(84, 34, 0.004778037326555944, 21)
(84, 35, 0.004778037326555944, 21)
(84, 36, 0.004778037326555944, 21)
(84, 37, 0.004778037326555944, 21)
(84, 38, 0.004778037326555944, 21)
(85, 1, 0.00430023359390035, 21)
(85, 2, 0.00430023359390035, 21)
(85, 3, 0.00430023359390035, 21)
(85, 4, 0.00430023359390035, 21)
(85, 6, 0.00430023359390035, 21)
(85, 7, 0.00430023359390035, 21)
(85, 10, 0.00430023359390035, 21)
(85, 11, 0.00430023359390035, 21)
(85, 12, 0.00430023359390035, 21)
(85, 13, 0.00430023359390035, 21)
(85, 14, 0.00430023359390035, 21)
(85, 15, 0.00430023359390035, 21)
(85, 17, 0.00430023359390035, 21)
(85, 18, 0.00430023359390035, 21)
(85, 19, 0.00430023359390035, 21)
(85, 20, 0.00430023359390035, 21)
(85, 21, 0.00430023359390035, 21)
(85, 22, 0.00430023359390035, 21)
(85, 23, 0.00430023359390035, 21)
(85, 24, 0.00430023359390035, 21)
(85, 27, 0.00430023359390035, 21)
(85, 29, 0.00430023359390035, 21)
(85, 30, 0.00430023359390035, 21)
(85, 31, 0.00430023359390035, 21)
(85, 32, 0.00430023359390035, 21)
(85, 33, 0.00430023359390035, 21)
(85, 36, 0.00430023359390035, 21)
(85, 37, 0.00430023359390035, 21)
(85, 38, 0.00430023359390035, 21)
(85, 39, 0.00430023359390035, 21)
(86, 1, 0.0038702102345103155, 21)
(86, 3, 0.0038702102345103155, 21)
(86, 5, 0.0038702102345103155, 21)
(86, 6, 0.0038702102345103155, 21)
(86, 8, 0.0038702102345103155, 21)
(86, 9, 0.0038702102345103155, 21)
(86, 10, 0.0038702102345103155, 21)
(86, 11, 0.0038702102345103155, 21)
(86, 12, 0.0038702102345103155, 21)
(86, 15, 0.0038702102345103155, 21)
(86, 16, 0.0038702102345103155, 21)
(86, 17, 0.0038702102345103155, 21)
(86, 18, 0.0038702102345103155, 21)
(86, 19, 0.0038702102345103155, 21)
(86, 20, 0.0038702102345103155, 21)
(86, 21, 0.0038702102345103155, 21)
(86, 22, 0.0038702102345103155, 21)
(86, 23, 0.0038702102345103155, 21)
(86, 24, 0.0038702102345103155, 21)
(86, 27, 0.0038702102345103155, 21)
(86, 28, 0.0038702102345103155, 21)
(86, 29, 0.0038702102345103155, 21)
(86, 30, 0.0038702102345103155, 21)
(86, 31, 0.0038702102345103155, 21)
(86, 32, 0.0038702102345103155, 21)
(86, 34, 0.0038702102345103155, 21)
(86, 35, 0.0038702102345103155, 21)
(86, 36, 0.0038702102345103155, 21)
(86, 37, 0.0038702102345103155, 21)
(86, 38, 0.0038702102345103155, 21)
(87, 2, 0.003483189211059284, 21)
(87, 5, 0.003483189211059284, 21)
(87, 6, 0.003483189211059284, 21)
(87, 7, 0.003483189211059284, 21)
(87, 8, 0.003483189211059284, 21)
(87, 9, 0.003483189211059284, 21)
(87, 10, 0.003483189211059284, 21)
(87, 11, 0.003483189211059284, 21)
(87, 12, 0.003483189211059284, 21)
(87, 13, 0.003483189211059284, 21)
(87, 14, 0.003483189211059284, 21)
(87, 15, 0.003483189211059284, 21)
(87, 17, 0.003483189211059284, 21)
(87, 18, 0.003483189211059284, 21)
(87, 19, 0.003483189211059284, 21)
(87, 20, 0.003483189211059284, 21)
(87, 22, 0.003483189211059284, 21)
(87, 23, 0.003483189211059284, 21)
(87, 25, 0.003483189211059284, 21)
(87, 29, 0.003483189211059284, 21)
(87, 31, 0.003483189211059284, 21)
(87, 32, 0.003483189211059284, 21)
(87, 33, 0.003483189211059284, 21)
(87, 34, 0.003483189211059284, 21)
(87, 35, 0.003483189211059284, 21)
(87, 37, 0.003483189211059284, 21)
(87, 38, 0.003483189211059284, 21)
(87, 39, 0.003483189211059284, 21)
(87, 40, 0.003483189211059284, 21)
(87, 41, 0.003483189211059284, 21)
(88, 1, 0.0031348702899533557, 21)
(88, 2, 0.0031348702899533557, 21)
(88, 3, 0.0031348702899533557, 21)
(88, 4, 0.0031348702899533557, 21)
(88, 5, 0.0031348702899533557, 21)
(88, 6, 0.0031348702899533557, 21)
(88, 7, 0.0031348702899533557, 21)
(88, 8, 0.0031348702899533557, 21)
(88, 9, 0.0031348702899533557, 21)
(88, 11, 0.0031348702899533557, 21)
(88, 13, 0.0031348702899533557, 21)
(88, 14, 0.0031348702899533557, 21)
(88, 15, 0.0031348702899533557, 21)
(88, 16, 0.0031348702899533557, 21)
(88, 17, 0.0031348702899533557, 21)
(88, 18, 0.0031348702899533557, 21)
(88, 19, 0.0031348702899533557, 21)
(88, 20, 0.0031348702899533557, 21)
(88, 21, 0.0031348702899533557, 21)
(88, 23, 0.0031348702899533557, 21)
(88, 24, 0.0031348702899533557, 21)
(88, 25, 0.0031348702899533557, 21)
(88, 27, 0.0031348702899533557, 21)
(88, 28, 0.0031348702899533557, 21)
(88, 29, 0.0031348702899533557, 21)
(88, 30, 0.0031348702899533557, 21)
(88, 31, 0.0031348702899533557, 21)
(88, 32, 0.0031348702899533557, 21)
(88, 33, 0.0031348702899533557, 21)
(88, 34, 0.0031348702899533557, 21)
(89, 1, 0.00282138326095802, 21)
(89, 3, 0.00282138326095802, 21)
(89, 5, 0.00282138326095802, 21)
(89, 6, 0.00282138326095802, 21)
(89, 7, 0.00282138326095802, 21)
(89, 8, 0.00282138326095802, 21)
(89, 9, 0.00282138326095802, 21)
(89, 10, 0.00282138326095802, 21)
(89, 11, 0.00282138326095802, 21)
(89, 12, 0.00282138326095802, 21)
(89, 13, 0.00282138326095802, 21)
(89, 14, 0.00282138326095802, 21)
(89, 15, 0.00282138326095802, 21)
(89, 16, 0.00282138326095802, 21)
(89, 17, 0.00282138326095802, 21)
(89, 18, 0.00282138326095802, 21)
(89, 21, 0.00282138326095802, 21)
(89, 23, 0.00282138326095802, 21)
(89, 24, 0.00282138326095802, 21)
(89, 25, 0.00282138326095802, 21)
(89, 26, 0.00282138326095802, 21)
(89, 28, 0.00282138326095802, 21)
(89, 29, 0.00282138326095802, 21)
(89, 30, 0.00282138326095802, 21)
(89, 31, 0.00282138326095802, 21)
(89, 32, 0.00282138326095802, 21)
(89, 33, 0.00282138326095802, 21)
(89, 34, 0.00282138326095802, 21)
(89, 35, 0.00282138326095802, 21)
(89, 36, 0.00282138326095802, 21)
(90, 2, 0.0025392449348622184, 21)
(90, 3, 0.0025392449348622184, 21)
(90, 4, 0.0025392449348622184, 21)
(90, 5, 0.0025392449348622184, 21)
(90, 6, 0.0025392449348622184, 21)
(90, 7, 0.0025392449348622184, 21)
(90, 8, 0.0025392449348622184, 21)
(90, 10, 0.0025392449348622184, 21)
(90, 11, 0.0025392449348622184, 21)
(90, 13, 0.0025392449348622184, 21)
(90, 14, 0.0025392449348622184, 21)
(90, 15, 0.0025392449348622184, 21)
(90, 16, 0.0025392449348622184, 21)
(90, 17, 0.0025392449348622184, 21)
(90, 19, 0.0025392449348622184, 21)
(90, 20, 0.0025392449348622184, 21)
(90, 22, 0.0025392449348622184, 21)
(90, 23, 0.0025392449348622184, 21)
(90, 24, 0.0025392449348622184, 21)
(90, 25, 0.0025392449348622184, 21)
(90, 26, 0.0025392449348622184, 21)
(90, 27, 0.0025392449348622184, 21)
(90, 28, 0.0025392449348622184, 21)
(90, 29, 0.0025392449348622184, 21)
(90, 31, 0.0025392449348622184, 21)
(90, 33, 0.0025392449348622184, 21)
(90, 34, 0.0025392449348622184, 21)
(90, 35, 0.0025392449348622184, 21)
(90, 36, 0.0025392449348622184, 21)
(90, 37, 0.0025392449348622184, 21)
(91, 1, 0.0022853204413759965, 21)
(91, 2, 0.0022853204413759965, 21)
(91, 4, 0.0022853204413759965, 21)
(91, 5, 0.0022853204413759965, 21)
(91, 7, 0.0022853204413759965, 21)
(91, 8, 0.0022853204413759965, 21)
(91, 9, 0.0022853204413759965, 21)
(91, 10, 0.0022853204413759965, 21)
(91, 11, 0.0022853204413759965, 21)
(91, 12, 0.0022853204413759965, 21)
(91, 13, 0.0022853204413759965, 21)
(91, 15, 0.0022853204413759965, 21)
(91, 16, 0.0022853204413759965, 21)
(91, 17, 0.0022853204413759965, 21)
(91, 18, 0.0022853204413759965, 21)
(91, 20, 0.0022853204413759965, 21)
(91, 21, 0.0022853204413759965, 21)
(91, 23, 0.0022853204413759965, 21)
(91, 24, 0.0022853204413759965, 21)
(91, 26, 0.0022853204413759965, 21)
(91, 27, 0.0022853204413759965, 21)
(91, 28, 0.0022853204413759965, 21)
(91, 29, 0.0022853204413759965, 21)
(91, 30, 0.0022853204413759965, 21)
(91, 31, 0.0022853204413759965, 21)
(91, 32, 0.0022853204413759965, 21)
(91, 33, 0.0022853204413759965, 21)
(91, 34, 0.0022853204413759965, 21)
(91, 35, 0.0022853204413759965, 21)
(91, 36, 0.0022853204413759965, 21)
(92, 2, 0.002056788397238397, 21)
(92, 4, 0.002056788397238397, 21)
(92, 5, 0.002056788397238397, 21)
(92, 7, 0.002056788397238397, 21)
(92, 8, 0.002056788397238397, 21)
(92, 9, 0.002056788397238397, 21)
(92, 11, 0.002056788397238397, 21)
(92, 12, 0.002056788397238397, 21)
(92, 13, 0.002056788397238397, 21)
(92, 14, 0.002056788397238397, 21)
(92, 15, 0.002056788397238397, 21)
(92, 16, 0.002056788397238397, 21)
(92, 17, 0.002056788397238397, 21)
(92, 18, 0.002056788397238397, 21)
(92, 19, 0.002056788397238397, 21)
(92, 20, 0.002056788397238397, 21)
(92, 21, 0.002056788397238397, 21)
(92, 22, 0.002056788397238397, 21)
(92, 23, 0.002056788397238397, 21)
(92, 24, 0.002056788397238397, 21)
(92, 25, 0.002056788397238397, 21)
(92, 26, 0.002056788397238397, 21)
(92, 27, 0.002056788397238397, 21)
(92, 29, 0.002056788397238397, 21)
(92, 30, 0.002056788397238397, 21)
(92, 31, 0.002056788397238397, 21)
(92, 32, 0.002056788397238397, 21)
(92, 33, 0.002056788397238397, 21)
(92, 34, 0.002056788397238397, 21)
(92, 36, 0.002056788397238397, 21)
(93, 1, 0.0018511095575145574, 21)
(93, 2, 0.0018511095575145574, 21)
(93, 3, 0.0018511095575145574, 21)
(93, 4, 0.0018511095575145574, 21)
(93, 5, 0.0018511095575145574, 21)
(93, 6, 0.0018511095575145574, 21)
(93, 7, 0.0018511095575145574, 21)
(93, 9, 0.0018511095575145574, 21)
(93, 10, 0.0018511095575145574, 21)
(93, 11, 0.0018511095575145574, 21)
(93, 12, 0.0018511095575145574, 21)
(93, 13, 0.0018511095575145574, 21)
(93, 14, 0.0018511095575145574, 21)
(93, 16, 0.0018511095575145574, 21)
(93, 17, 0.0018511095575145574, 21)
(93, 18, 0.0018511095575145574, 21)
(93, 19, 0.0018511095575145574, 21)
(93, 20, 0.0018511095575145574, 21)
(93, 21, 0.0018511095575145574, 21)
(93, 22, 0.0018511095575145574, 21)
(93, 23, 0.0018511095575145574, 21)
(93, 24, 0.0018511095575145574, 21)
(93, 25, 0.0018511095575145574, 21)
(93, 26, 0.0018511095575145574, 21)
(93, 27, 0.0018511095575145574, 21)
(93, 28, 0.0018511095575145574, 21)
(93, 29, 0.0018511095575145574, 21)
(93, 30, 0.0018511095575145574, 21)
(93, 31, 0.0018511095575145574, 21)
(93, 34, 0.0018511095575145574, 21)
(94, 1, 0.0016659986017631017, 21)
(94, 2, 0.0016659986017631017, 21)
(94, 5, 0.0016659986017631017, 21)
(94, 6, 0.0016659986017631017, 21)
(94, 9, 0.0016659986017631017, 21)
(94, 10, 0.0016659986017631017, 21)
(94, 12, 0.0016659986017631017, 21)
(94, 13, 0.0016659986017631017, 21)
(94, 14, 0.0016659986017631017, 21)
(94, 15, 0.0016659986017631017, 21)
(94, 16, 0.0016659986017631017, 21)
(94, 17, 0.0016659986017631017, 21)
(94, 19, 0.0016659986017631017, 21)
(94, 20, 0.0016659986017631017, 21)
(94, 21, 0.0016659986017631017, 21)
(94, 22, 0.0016659986017631017, 21)
(94, 23, 0.0016659986017631017, 21)
(94, 24, 0.0016659986017631017, 21)
(94, 26, 0.0016659986017631017, 21)
(94, 28, 0.0016659986017631017, 21)
(94, 29, 0.0016659986017631017, 21)
(94, 32, 0.0016659986017631017, 21)
(94, 33, 0.0016659986017631017, 21)
(94, 35, 0.0016659986017631017, 21)
(94, 36, 0.0016659986017631017, 21)
(94, 37, 0.0016659986017631017, 21)
(94, 38, 0.0016659986017631017, 21)
(94, 39, 0.0016659986017631017, 21)
(94, 40, 0.0016659986017631017, 21)
(94, 42, 0.0016659986017631017, 21)
(95, 2, 0.0014993987415867916, 21)
(95, 3, 0.0014993987415867916, 21)
(95, 4, 0.0014993987415867916, 21)
(95, 5, 0.0014993987415867916, 21)
(95, 6, 0.0014993987415867916, 21)
(95, 8, 0.0014993987415867916, 21)
(95, 9, 0.0014993987415867916, 21)
(95, 10, 0.0014993987415867916, 21)
(95, 11, 0.0014993987415867916, 21)
(95, 12, 0.0014993987415867916, 21)
(95, 13, 0.0014993987415867916, 21)
(95, 14, 0.0014993987415867916, 21)
(95, 15, 0.0014993987415867916, 21)
(95, 16, 0.0014993987415867916, 21)
(95, 18, 0.0014993987415867916, 21)
(95, 19, 0.0014993987415867916, 21)
(95, 20, 0.0014993987415867916, 21)
(95, 22, 0.0014993987415867916, 21)
(95, 23, 0.0014993987415867916, 21)
(95, 25, 0.0014993987415867916, 21)
(95, 26, 0.0014993987415867916, 21)
(95, 27, 0.0014993987415867916, 21)
(95, 29, 0.0014993987415867916, 21)
(95, 30, 0.0014993987415867916, 21)
(95, 31, 0.0014993987415867916, 21)
(95, 32, 0.0014993987415867916, 21)
(95, 33, 0.0014993987415867916, 21)
(95, 34, 0.0014993987415867916, 21)
(95, 35, 0.0014993987415867916, 21)
(95, 37, 0.0014993987415867916, 21)
(96, 1, 0.0013494588674281124, 21)
(96, 2, 0.0013494588674281124, 21)
(96, 5, 0.0013494588674281124, 21)
(96, 6, 0.0013494588674281124, 21)
(96, 10, 0.0013494588674281124, 21)
(96, 11, 0.0013494588674281124, 21)
(96, 12, 0.0013494588674281124, 21)
(96, 13, 0.0013494588674281124, 21)
(96, 14, 0.0013494588674281124, 21)
(96, 15, 0.0013494588674281124, 21)
(96, 16, 0.0013494588674281124, 21)
(96, 17, 0.0013494588674281124, 21)
(96, 19, 0.0013494588674281124, 21)
(96, 20, 0.0013494588674281124, 21)
(96, 21, 0.0013494588674281124, 21)
(96, 23, 0.0013494588674281124, 21)
(96, 24, 0.0013494588674281124, 21)
(96, 26, 0.0013494588674281124, 21)
(96, 27, 0.0013494588674281124, 21)
(96, 28, 0.0013494588674281124, 21)
(96, 30, 0.0013494588674281124, 21)
(96, 32, 0.0013494588674281124, 21)
(96, 33, 0.0013494588674281124, 21)
(96, 34, 0.0013494588674281124, 21)
(96, 35, 0.0013494588674281124, 21)
(96, 36, 0.0013494588674281124, 21)
(96, 37, 0.0013494588674281124, 21)
(96, 38, 0.0013494588674281124, 21)
(96, 39, 0.0013494588674281124, 21)
(96, 40, 0.0013494588674281124, 21)
(97, 1, 0.0012145129806853013, 21)
(97, 2, 0.0012145129806853013, 21)
(97, 3, 0.0012145129806853013, 21)
(97, 4, 0.0012145129806853013, 21)
(97, 5, 0.0012145129806853013, 21)
(97, 6, 0.0012145129806853013, 21)
(97, 7, 0.0012145129806853013, 21)
(97, 8, 0.0012145129806853013, 21)
(97, 9, 0.0012145129806853013, 21)
(97, 11, 0.0012145129806853013, 21)
(97, 12, 0.0012145129806853013, 21)
(97, 13, 0.0012145129806853013, 21)
(97, 14, 0.0012145129806853013, 21)
(97, 15, 0.0012145129806853013, 21)
(97, 16, 0.0012145129806853013, 21)
(97, 17, 0.0012145129806853013, 21)
(97, 18, 0.0012145129806853013, 21)
(97, 19, 0.0012145129806853013, 21)
(97, 20, 0.0012145129806853013, 21)
(97, 21, 0.0012145129806853013, 21)
(97, 22, 0.0012145129806853013, 21)
(97, 23, 0.0012145129806853013, 21)
(97, 24, 0.0012145129806853013, 21)
(97, 25, 0.0012145129806853013, 21)
(97, 27, 0.0012145129806853013, 21)
(97, 28, 0.0012145129806853013, 21)
(97, 29, 0.0012145129806853013, 21)
(97, 30, 0.0012145129806853013, 21)
(97, 31, 0.0012145129806853013, 21)
(97, 32, 0.0012145129806853013, 21)
(98, 1, 0.0010930616826167713, 21)
(98, 2, 0.0010930616826167713, 21)
(98, 3, 0.0010930616826167713, 21)
(98, 4, 0.0010930616826167713, 21)
(98, 5, 0.0010930616826167713, 21)
(98, 6, 0.0010930616826167713, 21)
(98, 7, 0.0010930616826167713, 21)
(98, 9, 0.0010930616826167713, 21)
(98, 11, 0.0010930616826167713, 21)
(98, 12, 0.0010930616826167713, 21)
(98, 13, 0.0010930616826167713, 21)
(98, 15, 0.0010930616826167713, 21)
(98, 16, 0.0010930616826167713, 21)
(98, 18, 0.0010930616826167713, 21)
(98, 19, 0.0010930616826167713, 21)
(98, 20, 0.0010930616826167713, 21)
(98, 21, 0.0010930616826167713, 21)
(98, 23, 0.0010930616826167713, 21)
(98, 24, 0.0010930616826167713, 21)
(98, 25, 0.0010930616826167713, 21)
(98, 27, 0.0010930616826167713, 21)
(98, 28, 0.0010930616826167713, 21)
(98, 29, 0.0010930616826167713, 21)
(98, 30, 0.0010930616826167713, 21)
(98, 31, 0.0010930616826167713, 21)
(98, 32, 0.0010930616826167713, 21)
(98, 33, 0.0010930616826167713, 21)
(98, 34, 0.0010930616826167713, 21)
(98, 36, 0.0010930616826167713, 21)
(98, 37, 0.0010930616826167713, 21)
(99, 1, 0.0009837555143550941, 21)
(99, 2, 0.0009837555143550941, 21)
(99, 3, 0.0009837555143550941, 21)
(99, 4, 0.0009837555143550941, 21)
(99, 5, 0.0009837555143550941, 21)
(99, 6, 0.0009837555143550941, 21)
(99, 7, 0.0009837555143550941, 21)
(99, 9, 0.0009837555143550941, 21)
(99, 11, 0.0009837555143550941, 21)
(99, 13, 0.0009837555143550941, 21)
(99, 15, 0.0009837555143550941, 21)
(99, 16, 0.0009837555143550941, 21)
(99, 17, 0.0009837555143550941, 21)
(99, 18, 0.0009837555143550941, 21)
(99, 19, 0.0009837555143550941, 21)
(99, 20, 0.0009837555143550941, 21)
(99, 21, 0.0009837555143550941, 21)
(99, 22, 0.0009837555143550941, 21)
(99, 23, 0.0009837555143550941, 21)
(99, 25, 0.0009837555143550941, 21)
(99, 26, 0.0009837555143550941, 21)
(99, 27, 0.0009837555143550941, 21)
(99, 28, 0.0009837555143550941, 21)
(99, 29, 0.0009837555143550941, 21)
(99, 30, 0.0009837555143550941, 21)
(99, 31, 0.0009837555143550941, 21)
(99, 32, 0.0009837555143550941, 21)
(99, 33, 0.0009837555143550941, 21)
(99, 35, 0.0009837555143550941, 21)
(99, 36, 0.0009837555143550941, 21)
